time,filter_id,updated_x,updated_y
1699146088468480,0,96.0508,126.254
1699146088954560,0,96.0574,126.235
1699146089460480,0,96.0555,126.24
1699146140885760,0,96.231,118.147
1699146141411520,0,96.2366,117.882
1699146141917440,0,96.2413,117.668
1699146142373760,0,96.346,117.471
1699146143038400,0,96.4215,117.085
1699146143663360,0,96.4762,116.804
1699146144169280,0,96.5145,116.653
1699146144576000,0,96.5415,116.581
1699146145072000,0,96.5668,116.465
1699146145498560,0,96.5852,116.41
1699146145925120,0,96.799,116.578
1699146146827840,0,96.7962,116.489
1699146147690880,0,96.8068,116.287
1699146148583680,0,96.8067,116.172
1699146149456640,0,96.8492,116.034
1699146150339520,0,96.8827,115.964
1699146151202560,0,96.9064,115.957
1699146151629120,0,96.9784,116.05
1699146152045760,0,97.0363,116.118
1699146153265920,0,97.1274,115.972
1699146154049600,0,97.1804,115.962
1699146154466240,0,97.2045,116.018
1699146154853120,0,97.2227,116.064
1699146155686400,0,97.2589,116.052
1699146156093120,0,97.2684,116.097
1699146156489920,0,97.3248,116.11
1699146156906560,0,97.3737,116.119
1699146157769600,0,97.4413,116.094
1699146163066880,0,97.9309,115.489
1699146163493440,0,97.9152,115.488
1699146163979520,0,97.9144,115.476
1699146165328640,0,98.0094,115.395
1699146166122240,0,98.1273,115.344
1699146167481280,0,98.3651,115.279
1699146167897920,0,98.4841,115.297
1699146168324480,0,98.507,115.198
1699146168731200,0,98.5828,115.157
1699146169197440,0,98.6514,115.118
1699146169633920,0,98.7077,115.087
1699146170120000,0,98.7613,115.056
1699146171518720,0,98.8865,114.97
1699146186507840,0,99.8292,112.766
1699146203540480,0,100.08,110.176
1699146203937280,0,99.9579,110.106
1699146204334080,0,99.806,109.988
1699146204830080,0,99.8114,109.958
1699146205286400,0,99.7487,109.808
1699146205732800,0,99.7058,109.696
1699146206367680,0,99.6772,109.581
1699146206903360,0,99.6525,109.497
1699146207389440,0,99.6312,109.43
1699146207816000,0,99.612,109.381
1699146208252480,0,99.5949,109.337
1699146208669120,0,99.5792,109.302
1699146209085760,0,99.6088,109.304
1699146209522240,0,99.6368,109.305
1699146209938880,0,99.6173,109.282
1699146210355520,0,99.5982,109.266
1699146211218560,0,99.6656,109.265
1699146211635200,0,99.7291,109.271
1699146212041920,0,99.7877,109.281
1699146212458560,0,99.8424,109.292
1699146213291840,0,99.9439,109.285
1699146213698560,0,100.036,109.281
1699146214492160,0,100.12,109.28
1699146214898880,0,100.195,109.281
1699146215295680,0,100.212,109.248
1699146215702400,0,100.275,109.255
1699146216148800,0,100.335,109.261
1699146216992000,0,100.386,109.27
1699146217408640,0,100.428,109.279
1699146217924480,0,100.472,109.287
1699146218380800,0,100.504,109.298
1699146218847040,0,100.53,109.309
1699146219313280,0,100.551,109.319
1699146219769600,0,100.564,109.33
1699146220216000,0,100.574,109.341
1699146220682240,0,100.58,109.35
1699146221118720,0,100.583,109.359
1699146221604800,0,100.586,109.368
1699146222080960,0,100.587,109.376
1699146222596800,0,100.586,109.383
1699146223072960,0,100.581,109.39
1699146223499520,0,100.563,109.336
1699146224005440,0,100.548,109.287
1699146224432000,0,100.534,109.182
1699146224888320,0,100.528,109.208
1699146225314880,0,100.522,109.233
1699146225820800,0,100.509,109.135
1699146226396160,0,100.496,109.041
1699146226921920,0,100.529,108.936
1699146227398080,0,100.512,108.866
1699146227844480,0,100.496,108.809
1699146228320640,0,100.481,108.756
1699146228796800,0,100.571,108.665
1699146229233280,0,100.651,108.589
1699146229709440,0,100.621,108.565
1699146230116160,0,100.693,108.505
1699146230651840,0,100.762,108.444
1699146231227200,0,100.826,108.388
1699146231703360,0,100.879,108.35
1699146232189440,0,100.925,108.318
1699146232635840,0,100.963,108.294
1699146233568320,0,100.996,108.275
1699146234014720,0,101.024,108.26
1699146234560320,0,101.052,108.244
1699146235076160,0,101.073,108.235
1699146235671360,0,101.093,108.226
1699146236107840,0,101.101,108.23
1699146236524480,0,101.107,108.234
1699146237020480,0,101.114,108.237
1699146237635520,0,101.122,108.237
1699146238200960,0,101.125,108.243
1699146238716800,0,101.124,108.251
1699146239183040,0,101.121,108.261
1699146239768320,0,101.119,108.269
1699146240680960,0,101.113,108.279
1699146241107520,0,101.107,108.29
1699146241643200,0,101.103,108.298
1699146242129280,0,101.097,108.307
1699146243121280,0,101.091,108.316
1699146243726400,0,101.086,108.323
1699146244311680,0,101.143,108.305
1699146244738240,0,101.189,108.29
1699146245204480,0,101.23,108.277
1699146245611200,0,101.265,108.266
1699146245998080,0,101.294,108.257
1699146246662720,0,101.374,108.223
1699146247119040,0,101.437,108.196
1699146247555520,0,101.492,108.173
1699146247972160,0,101.539,108.153
1699146248368960,0,101.578,108.136
1699146248765760,0,101.612,108.122
1699146249152640,0,101.64,108.11
1699146249589120,0,101.667,108.098
1699146250233920,0,101.701,108.083
1699146250809280,0,101.728,108.008
1699146251473920,0,101.753,107.936
1699146252128640,0,101.769,107.871
1699146260907840,0,102.51,107.323
1699146261403840,0,102.592,107.285
1699146261770880,0,102.605,107.273
1699146262455360,0,102.636,107.247
1699146263050560,0,102.692,107.306
1699146263606080,0,102.721,107.276
1699146264588160,0,102.738,107.257
1699146265223040,0,102.824,107.206
1699146265768640,0,102.891,107.168
1699146266324160,0,102.95,107.134
1699146266730880,0,103.04,107.148
1699146267653440,0,103.077,107.065
1699146268347840,0,103.121,107.039
1699146269657280,0,103.263,106.964
1699146270153280,0,103.322,106.94
1699146271075840,0,103.456,106.876
1699146271532160,0,103.529,106.845
1699146272028160,0,103.594,106.818
1699146272613440,0,103.72,106.763
1699146273119360,0,103.819,106.72
1699146273585600,0,103.899,106.687
1699146274795840,0,104.044,106.621
1699146275500160,0,104.109,106.594
1699146275936640,0,104.133,106.587
1699146446838400,1,90.926,29.348
1699146447304640,1,90.9261,29.3557
1699146448366080,1,90.9261,29.3559
1699146449675520,1,90.9261,29.3558
1699146457373440,1,90.944,29.5186
1699146457829760,1,90.9501,29.5736
1699146458256320,1,91.0794,29.6164
1699146458682880,1,91.0517,29.6341
1699146459297920,1,90.6282,29.6166
1699146459873280,1,90.6891,29.6353
1699146460438720,1,90.831,29.6574
1699146501338880,1,90.715,27.9977
1699146501934080,1,90.8486,28.6334
1699146541614080,1,91.3368,29.9231
1699146554311680,1,92.2778,32.9434
1699146555541760,1,92.504,33.2945
1699146555978240,1,92.4624,33.3785
1699146556414720,1,92.6167,33.4973
1699146556871040,1,92.7193,33.5857
1699146560382720,1,93.0028,34.1024
1699146560819200,1,93.0221,34.0465
1699146561216000,1,93.0371,34.0108
1699146562128640,1,93.085,33.6627
1699146562604800,1,93.0944,33.6931
1699146565739520,1,93.1984,34.0107
1699146571810560,1,93.4335,34.3312
1699146572296640,1,93.5153,34.4132
1699146572762880,1,93.5742,34.4729
1699146577931200,1,93.8562,35.6635
1699146582167040,1,93.9078,35.5307
1699146586254080,1,94.2385,35.7497
1699146591531520,1,94.4975,35.9188
1699146591958080,1,94.4657,35.7645
1699146596689920,1,96.0006,36.0935
1699146615051840,1,96.6449,36.9206
1699146615577600,1,96.257,36.9278
1699146618216320,1,96.2628,36.9299
1699146618662720,1,96.2065,36.8723
1699146619128960,1,96.1624,36.8628
1699146619585280,1,96.1461,36.8398
1699146620071360,1,96.1753,36.868
1699146620974080,1,96.2168,36.9219
1699146621430400,1,96.2349,36.9378
1699146621876800,1,96.2564,36.9911
1699146622323200,1,96.2689,36.9991
1699146622779520,1,96.2951,37.0322
1699146623275520,1,96.3113,37.0762
1699146623761600,1,96.3239,37.1148
1699146624277440,1,96.3359,37.1522
1699146624852800,1,96.3458,37.1862
1699146625358720,1,96.3512,37.2133
1699146625844800,1,96.3071,37.2725
1699146626311040,1,96.2639,37.3227
1699146626757440,1,96.2233,37.3673
1699146627233600,1,96.1854,37.4067
1699146627709760,1,96.1484,37.5024
1699146628185920,1,96.1162,37.5258
1699146628691840,1,96.0845,37.61
1699146629792960,1,96.0553,37.6858
1699146630904000,1,96.0292,37.7519
1699146631449600,1,96.0057,37.8099
1699146632044800,1,95.9845,37.8614
1699146632778880,1,95.9631,37.9137
1699146633364160,1,96.0153,37.9549
1699146642520320,1,98.9738,39.1853
1699146642956800,1,97.8335,38.9542
1699146643393280,1,97.4281,38.8776
1699146643829760,1,97.1096,38.8228
1699146644256320,1,96.9761,38.8048
1699146644672960,1,96.8249,38.8384
1699146645099520,1,96.6507,38.8563
1699146645536000,1,96.5658,38.882
1699146645952640,1,96.7156,38.7279
1699146649156800,1,96.6878,38.8848
1699146649632960,1,96.6258,38.9276
1699146650188480,1,96.5755,38.9672
1699146650793600,1,96.5321,39.0029
1699146662330560,1,96.4024,39.7042
1699146663600320,1,96.3889,39.7278
1699146664126080,1,96.3832,39.7373
1699146664741120,1,96.3745,39.8516
1699146665713280,1,96.3726,39.8388
1699146668004800,1,96.522,40.129
1699146668391680,1,96.6365,40.2509
1699146668808320,1,96.7215,40.3453
1699146669274560,1,96.7897,40.4249
1699146672091840,1,96.9227,40.6673
1699146672478720,1,96.966,40.6837
1699146673867520,1,97.0323,40.7606
1699146675117440,1,97.066,40.7787
1699146675484480,1,97.0761,40.8448
1699146675891200,1,97.0864,40.901
1699146676238400,1,97.1396,40.9644
1699146676744320,2,90,0
1699146676754240,2,90,0
1699146676873280,2,90,0
1699146676883200,2,90,0
1699146676952640,2,90,0
1699146676962560,2,90,0
1699146676972480,2,90,0
1699146676992320,2,90,0
1699146677051840,2,90,0
1699146677061760,2,90,0
1699146677071680,2,90,0
1699146677081600,2,90,0
1699146677151040,2,90,0
1699146677160960,2,90,0
1699146677170880,2,90,0
1699146677180800,2,90,0
1699146677240320,2,90,0
1699146677250240,2,90,0
1699146677260160,2,90,0
1699146677270080,2,90,0
1699146677280000,2,90,0
1699146677339520,2,90,0
1699146677349440,2,90,0
1699146677359360,2,90,0
1699146677438720,2,90,0
1699146677448640,2,90,0
1699146677458560,2,90,0
1699146677468480,2,90,0
1699146677528000,2,90,0
1699146677537920,2,90,0
1699146677547840,2,90,0
1699146677557760,2,90,0
1699146677617280,2,90,0
1699146677627200,2,90,0
1699146677637120,2,90,0
1699146677647040,2,90,0
1699146677706560,2,90,0
1699146677716480,2,90,0
1699146677726400,2,90,0
1699146677815680,2,90,0
1699146679879040,1,97.3517,41.2369
1699146685096960,1,96.0563,42.9948
1699146685493760,1,96.68,42.505
1699146694739200,3,97.7634,41.5419
1699146715372800,1,96.8729,43.0271
1699146719102720,1,97.0278,43.7465
1699146720322880,1,96.9709,43.9175
1699146720719680,1,96.9364,44.0291
