PeakTime,Amplitude,DOA_x,DOA_y,DOA_z,TDOA12,TDOA13,TDOA14,TDOA23,TDOA24,TDOA34,XCorr12,XCorr13,XCorr14,XCorr23,XCorr24,XCorr34
1699146061248000,71.000000,-0.617726,0.781841,0.084493,0.000350,-0.000300,-0.000160,-0.000650,-0.000510,0.000150,416.063202,392.031525,326.033691,450.383179,301.606842,316.056183
1699146061853120,68.000000,-0.617726,0.781841,0.084493,0.000350,-0.000300,-0.000160,-0.000650,-0.000510,0.000150,459.773712,411.777924,377.650024,530.070129,274.976105,299.755768
1699146062478080,61.000000,-0.302518,0.777750,0.550988,0.000010,-0.000300,-0.000160,-0.000230,-0.000170,0.000150,128.444550,294.153198,282.313110,118.089119,145.378159,342.937225
1699146063023680,78.000000,-0.613803,0.784919,0.084541,0.000350,-0.000300,-0.000160,-0.000650,-0.000500,0.000150,383.054016,366.584106,346.217529,431.468933,292.752411,361.249054
1699146063579200,65.000000,-0.613803,0.784919,0.084541,0.000350,-0.000300,-0.000160,-0.000650,-0.000500,0.000150,331.418030,291.801636,311.413177,374.413940,297.806732,272.563171
1699146064114880,72.000000,-0.613803,0.784919,0.084541,0.000350,-0.000300,-0.000160,-0.000650,-0.000500,0.000150,273.359650,243.143692,296.155396,393.736511,273.977081,348.649353
1699146064581120,61.000000,-0.613803,0.784919,0.084541,0.000350,-0.000300,-0.000160,-0.000650,-0.000500,0.000150,294.250061,254.536240,422.010010,392.531677,270.858246,279.671570
1699146065037440,51.000000,0.139814,0.334226,0.932065,0.000350,-0.004850,-0.000160,0.001770,-0.000500,-0.000020,324.898834,125.540756,276.734802,94.654160,228.218643,99.296982
1699146065434240,67.000000,-0.613803,0.784919,0.084541,0.000350,-0.000300,-0.000160,-0.000650,-0.000500,0.000150,362.472931,233.402832,358.271210,456.443634,333.280212,365.982819
1699146066039360,88.000000,-0.610829,0.786644,0.089887,0.000350,-0.000310,-0.000160,-0.000650,-0.000500,0.000150,202.718475,250.602783,372.904480,405.727295,325.429382,371.056335
1699146066584960,51.000000,-0.609518,0.786957,0.095842,0.000340,-0.000310,-0.000160,-0.000650,-0.000500,0.000150,222.198669,313.305054,357.194641,378.217102,310.555237,378.274078
1699146067021440,106.000000,-0.609518,0.786957,0.095842,0.000340,-0.000310,-0.000160,-0.000650,-0.000500,0.000150,216.899231,342.869965,438.038605,434.188293,360.525635,449.877686
1699146067914240,46.000000,-0.609518,0.786957,0.095842,0.000340,-0.000310,-0.000160,-0.000650,-0.000500,0.000150,175.401016,223.969559,261.401123,294.346283,258.707214,293.746277
1699146068400320,53.000000,-0.772702,-0.189593,-0.605794,0.000340,0.005250,-0.000160,-0.004280,-0.000560,-0.003100,257.382355,95.377068,241.725952,103.894989,196.088272,109.153503
1699146068866560,36.000000,-0.609518,0.786957,0.095842,0.000340,-0.000310,-0.000160,-0.000650,-0.000500,0.000150,164.624100,280.433441,260.974884,180.077835,145.018356,291.543152
1699146069263360,46.000000,-0.609518,0.786957,0.095842,0.000340,-0.000310,-0.000160,-0.000650,-0.000500,0.000150,249.476379,238.040939,268.524292,281.752319,298.586914,294.472961
1699146070215680,36.000000,-0.609518,0.786957,0.095842,0.000340,-0.000310,-0.000160,-0.000650,-0.000500,0.000150,117.388557,242.018951,169.683609,187.420197,201.448196,265.059204
1699146071912000,44.000000,-0.609518,0.786957,0.095842,0.000340,-0.000310,-0.000160,-0.000650,-0.000500,0.000150,266.764526,249.006805,256.930573,270.039764,237.446136,256.573578
1699146072477440,59.000000,-0.609518,0.786957,0.095842,0.000340,-0.000310,-0.000160,-0.000650,-0.000500,0.000150,234.251694,297.681396,267.286865,293.599823,308.679016,317.139954
1699146072904000,56.000000,0.792637,0.583776,-0.175874,0.000340,0.000370,-0.000160,0.001680,-0.000500,0.004890,325.971069,129.360046,241.208038,104.620636,222.453247,97.854439
1699146073310720,50.000000,-0.609518,0.786957,0.095842,0.000340,-0.000310,-0.000160,-0.000650,-0.000500,0.000150,350.649689,371.876099,333.494934,302.594727,421.255432,331.338867
1699146073786880,61.000000,-0.609518,0.786957,0.095842,0.000340,-0.000310,-0.000160,-0.000650,-0.000500,0.000150,282.831818,311.755402,326.359650,283.692627,329.696045,263.505951
1699146074352320,77.000000,-0.609518,0.786957,0.095842,0.000340,-0.000310,-0.000160,-0.000650,-0.000500,0.000150,473.921448,318.844147,414.070038,401.611633,467.434265,366.060120
1699146074947520,73.000000,-0.609518,0.786957,0.095842,0.000340,-0.000310,-0.000160,-0.000650,-0.000500,0.000150,387.459351,260.787415,351.393433,360.232361,314.425995,242.024094
1699146077199360,37.000000,-0.603840,0.791389,0.095296,0.000340,-0.000310,-0.000160,-0.000650,-0.000500,0.000160,182.398941,135.086334,174.489639,122.891197,131.786774,158.683182
1699146077576320,36.000000,-0.603840,0.791389,0.095296,0.000340,-0.000310,-0.000160,-0.000650,-0.000500,0.000160,211.681168,134.174881,283.909973,168.340927,229.158417,228.986465
1699146077953280,41.000000,-0.600842,0.793014,0.100593,0.000340,-0.000320,-0.000160,-0.000650,-0.000500,0.000160,142.099426,127.431473,176.352753,139.851990,135.964508,168.352219
1699146078360000,42.000000,-0.600842,0.793014,0.100593,0.000340,-0.000320,-0.000160,-0.000650,-0.000500,0.000160,280.191223,268.948975,367.792480,273.216370,259.945587,286.027069
1699146078756800,48.000000,-0.600842,0.793014,0.100593,0.000340,-0.000320,-0.000160,-0.000650,-0.000500,0.000160,228.385651,273.531403,266.159546,276.476868,269.269012,258.788361
1699146079163520,42.000000,-0.600842,0.793014,0.100593,0.000340,-0.000320,-0.000160,-0.000650,-0.000500,0.000160,266.791931,251.920547,345.337524,256.878204,250.620987,305.263763
1699146079560320,43.000000,-0.600842,0.793014,0.100593,0.000340,-0.000320,-0.000160,-0.000650,-0.000500,0.000160,201.789474,265.728851,293.661194,284.492889,202.294678,310.705048
1699146080790400,35.000000,-0.596760,0.796074,0.100718,0.000340,-0.000320,-0.000160,-0.000650,-0.000490,0.000160,183.780670,304.028015,312.816589,271.734863,199.931335,356.096344
1699146088468480,42.000000,-0.588030,0.801938,0.105428,0.000330,-0.000320,-0.000160,-0.000660,-0.000490,0.000170,186.751862,187.313812,167.200592,140.648163,161.789581,204.906769
1699146088954560,34.000000,-0.588030,0.801938,0.105428,0.000330,-0.000320,-0.000160,-0.000660,-0.000490,0.000170,316.597137,167.212296,186.745850,259.708557,216.106461,276.473816
1699146089460480,60.000000,-0.588030,0.801938,0.105428,0.000330,-0.000320,-0.000160,-0.000660,-0.000490,0.000170,317.073517,143.343018,188.981583,197.174713,241.064392,275.445709
1699146099856640,32.000000,0.381647,0.389865,-0.838064,0.000330,0.000590,0.004890,-0.000660,-0.000470,0.001000,106.149200,144.135071,121.197922,146.131454,130.653015,105.215950
1699146104062720,38.000000,0.677236,0.286151,-0.677842,0.000330,-0.000330,0.004820,-0.000660,0.001880,0.000190,159.555725,126.520309,92.286179,129.354645,116.460068,131.662292
1699146114895360,36.000000,-0.065680,0.452130,-0.889530,0.004980,-0.000340,0.004750,-0.000670,-0.000450,0.000210,104.914139,119.709122,136.672409,166.633698,120.291199,146.395309
1699146118625280,30.000000,-0.920233,0.384630,0.072322,0.000320,-0.000340,-0.000120,-0.000670,-0.003830,0.000220,132.049591,105.828362,171.940369,160.585358,98.052841,147.772385
1699146132830720,41.000000,-0.442904,0.308796,0.841713,-0.000450,-0.000360,-0.001390,-0.000670,-0.000430,0.000240,156.452957,125.705276,120.886047,128.643005,169.687958,133.141922
1699146140885760,45.000000,-0.468072,0.876998,0.108550,0.000310,-0.000370,-0.000110,-0.000670,-0.000420,0.000260,250.693665,234.315521,275.752533,219.978867,273.435181,215.090866
1699146141411520,49.000000,-0.468072,0.876998,0.108550,0.000310,-0.000370,-0.000110,-0.000670,-0.000420,0.000260,217.599045,433.924408,411.701263,304.852081,333.655060,375.222778
1699146141917440,67.000000,-0.468072,0.876998,0.108550,0.000310,-0.000370,-0.000110,-0.000670,-0.000420,0.000260,328.621033,412.414001,380.187317,287.178406,357.818512,390.286804
1699146142373760,69.000000,-0.466043,0.877316,0.114545,0.000300,-0.000370,-0.000110,-0.000670,-0.000420,0.000260,268.434387,490.510712,477.638092,339.164093,258.924561,426.460785
1699146143038400,70.000000,-0.460797,0.880070,0.114645,0.000300,-0.000370,-0.000110,-0.000670,-0.000410,0.000260,310.217651,396.893280,386.727875,367.529816,293.813599,383.209290
1699146143663360,82.000000,-0.460797,0.880070,0.114645,0.000300,-0.000370,-0.000110,-0.000670,-0.000410,0.000260,385.656250,502.926880,458.190094,423.341919,300.258972,521.086182
1699146144169280,84.000000,-0.460797,0.880070,0.114645,0.000300,-0.000370,-0.000110,-0.000670,-0.000410,0.000260,366.767639,504.829437,505.873474,286.450623,306.799011,524.006958
1699146144576000,56.000000,-0.460797,0.880070,0.114645,0.000300,-0.000370,-0.000110,-0.000670,-0.000410,0.000260,305.323303,458.745636,424.660675,284.946289,278.910950,452.359100
1699146145072000,75.000000,-0.460797,0.880070,0.114645,0.000300,-0.000370,-0.000110,-0.000670,-0.000410,0.000260,472.767639,486.654724,500.632996,408.966248,420.002991,460.202148
1699146145498560,49.000000,-0.460797,0.880070,0.114645,0.000300,-0.000370,-0.000110,-0.000670,-0.000410,0.000260,195.921738,261.701294,199.340378,130.478241,218.432007,269.116882
1699146145925120,47.000000,-0.480650,0.866309,0.135956,0.000300,-0.000370,-0.000110,-0.000450,-0.000410,0.000260,198.737198,173.951416,255.755646,122.617836,245.778549,307.071747
1699146146331840,41.000000,-0.439600,-0.818799,0.369214,0.000300,-0.001420,-0.000110,0.001720,-0.000410,-0.002320,327.802216,126.062775,250.211945,131.438004,242.896561,109.026840
1699146146827840,60.000000,-0.460797,0.880070,0.114645,0.000300,-0.000370,-0.000110,-0.000670,-0.000410,0.000260,368.626770,305.695038,382.864014,290.306030,394.259155,340.075317
1699146147690880,78.000000,-0.460797,0.880070,0.114645,0.000300,-0.000370,-0.000110,-0.000670,-0.000410,0.000260,270.285645,213.208160,283.429565,196.038940,296.116577,228.875793
1699146148583680,43.000000,-0.460797,0.880070,0.114645,0.000300,-0.000370,-0.000110,-0.000670,-0.000410,0.000260,279.333313,167.279510,293.972473,213.134613,319.589630,184.474518
1699146149456640,41.000000,-0.451941,0.884060,0.119112,0.000300,-0.000380,-0.000110,-0.000670,-0.000410,0.000270,172.632065,162.861298,243.288727,205.477219,278.430359,170.666641
1699146150339520,37.000000,-0.451941,0.884060,0.119112,0.000300,-0.000380,-0.000110,-0.000670,-0.000410,0.000270,244.941330,256.992981,327.090363,223.362961,240.250137,227.059891
1699146151202560,42.000000,-0.451941,0.884060,0.119112,0.000300,-0.000380,-0.000110,-0.000670,-0.000410,0.000270,117.350990,248.759995,246.716248,191.474030,233.078156,250.152466
1699146151629120,48.000000,-0.449810,0.884314,0.125137,0.000290,-0.000380,-0.000110,-0.000670,-0.000410,0.000270,201.519714,353.607605,336.889221,240.024445,237.385239,251.548706
1699146152045760,55.000000,-0.449810,0.884314,0.125137,0.000290,-0.000380,-0.000110,-0.000670,-0.000410,0.000270,185.202286,354.141418,322.206573,171.856598,241.429810,317.385437
1699146153265920,47.000000,-0.444439,0.887007,0.125271,0.000290,-0.000380,-0.000110,-0.000670,-0.000400,0.000270,138.540222,196.013351,174.176971,161.788193,165.947784,238.558350
1699146154049600,47.000000,-0.444439,0.887007,0.125271,0.000290,-0.000380,-0.000110,-0.000670,-0.000400,0.000270,285.474670,329.096497,314.019745,220.664978,246.660980,361.581604
1699146154466240,50.000000,-0.444439,0.887007,0.125271,0.000290,-0.000380,-0.000110,-0.000670,-0.000400,0.000270,329.297150,349.999969,392.061401,275.166992,294.074371,398.669128
1699146154853120,49.000000,-0.444439,0.887007,0.125271,0.000290,-0.000380,-0.000110,-0.000670,-0.000400,0.000270,278.896088,217.401413,286.704590,205.139893,338.802551,268.278687
1699146155686400,35.000000,-0.444439,0.887007,0.125271,0.000290,-0.000380,-0.000110,-0.000670,-0.000400,0.000270,311.625885,254.881622,320.714417,191.672729,361.281555,212.775925
1699146156093120,31.000000,-0.444439,0.887007,0.125271,0.000290,-0.000380,-0.000110,-0.000670,-0.000400,0.000270,317.201691,240.823517,302.175720,264.241791,348.100403,278.570862
1699146156489920,33.000000,-0.441611,0.887677,0.130421,0.000290,-0.000390,-0.000110,-0.000670,-0.000400,0.000270,325.732605,224.838791,346.794495,234.816132,275.487427,288.945129
1699146156906560,43.000000,-0.441611,0.887677,0.130421,0.000290,-0.000390,-0.000110,-0.000670,-0.000400,0.000270,320.047394,223.591400,348.951202,222.003845,326.551636,284.042877
1699146157769600,33.000000,-0.441611,0.887677,0.130421,0.000290,-0.000390,-0.000110,-0.000670,-0.000400,0.000270,262.436462,315.906006,223.426620,210.853882,281.151184,271.749878
1699146163066880,52.000000,-0.425059,0.894124,0.140954,0.000280,-0.000400,-0.000110,-0.000670,-0.000390,0.000280,262.665588,176.858459,189.936157,212.880386,249.502304,304.539215
1699146163493440,70.000000,-0.427866,0.893573,0.135859,0.000280,-0.000390,-0.000110,-0.000670,-0.000390,0.000280,467.237854,317.636780,395.758911,337.628754,460.891510,408.347107
1699146163979520,40.000000,-0.427866,0.893573,0.135859,0.000280,-0.000390,-0.000110,-0.000670,-0.000390,0.000280,422.487244,281.073669,333.227356,418.421143,451.387878,419.609558
1699146164435840,52.000000,-0.088645,0.460046,0.883459,0.000280,-0.004070,-0.000110,0.003520,-0.003520,0.002450,282.927277,124.535858,174.711945,113.361847,109.714203,132.752060
1699146165328640,39.000000,-0.425059,0.894124,0.140954,0.000280,-0.000400,-0.000110,-0.000670,-0.000390,0.000280,174.006210,199.829330,176.545319,222.583954,215.884827,154.672928
1699146165725440,31.000000,0.011799,-0.848482,-0.529093,-0.002570,0.005110,-0.000110,-0.000670,-0.000390,0.000280,125.101898,126.151321,139.087189,119.304459,192.928253,165.974365
1699146166122240,51.000000,-0.422749,0.894237,0.147047,0.000270,-0.000400,-0.000110,-0.000670,-0.000390,0.000280,154.458252,196.986908,139.616150,185.024841,251.416641,194.522766
1699146167481280,77.000000,-0.425963,0.891720,0.152938,0.000270,-0.000400,-0.000120,-0.000670,-0.000390,0.000280,236.794250,374.035278,167.190384,267.943604,288.715027,206.041260
1699146167897920,62.000000,-0.425963,0.891720,0.152938,0.000270,-0.000400,-0.000120,-0.000670,-0.000390,0.000280,309.903564,471.617889,304.088196,327.745972,423.941406,283.630066
1699146168324480,59.000000,-0.416711,0.897205,0.146200,0.000270,-0.000400,-0.000110,-0.000670,-0.000390,0.000290,380.271179,504.542084,309.246521,327.554352,409.625671,291.088776
1699146168731200,67.000000,-0.419936,0.894721,0.152079,0.000270,-0.000400,-0.000120,-0.000670,-0.000390,0.000290,310.965546,330.476501,264.026215,222.447021,353.681030,197.009720
1699146169197440,34.000000,-0.419936,0.894721,0.152079,0.000270,-0.000400,-0.000120,-0.000670,-0.000390,0.000290,322.512238,324.043030,231.723328,271.395935,247.708084,158.592697
1699146169633920,39.000000,-0.419936,0.894721,0.152079,0.000270,-0.000400,-0.000120,-0.000670,-0.000390,0.000290,346.373657,364.252380,233.936417,283.812225,272.346985,284.391083
1699146170120000,46.000000,-0.419936,0.894721,0.152079,0.000270,-0.000400,-0.000120,-0.000670,-0.000390,0.000290,329.332397,339.215820,236.118347,275.925903,232.971985,201.809723
1699146171518720,44.000000,-0.419936,0.894721,0.152079,0.000270,-0.000400,-0.000120,-0.000670,-0.000390,0.000290,216.655853,214.587952,184.048340,183.012451,134.698563,252.618835
1699146186507840,32.000000,-0.377073,0.910957,0.167254,0.000250,-0.000420,-0.000110,-0.000670,-0.000360,0.000310,162.047516,309.114532,293.097382,255.611313,283.687500,288.982880
1699146203540480,47.000000,-0.338511,0.925500,0.169881,0.000240,-0.000430,-0.000100,-0.000670,-0.000340,0.000340,293.999115,314.506592,246.124481,233.903809,328.371857,280.052490
1699146203937280,64.000000,-0.338511,0.925500,0.169881,0.000240,-0.000430,-0.000100,-0.000670,-0.000340,0.000340,456.866058,471.187561,311.722839,422.888245,371.641907,308.363861
1699146204334080,91.000000,-0.335110,0.927799,0.163979,0.000240,-0.000430,-0.000090,-0.000670,-0.000340,0.000340,511.507446,571.649780,265.240479,462.774414,308.843597,394.903381
1699146204830080,127.000000,-0.338511,0.925500,0.169881,0.000240,-0.000430,-0.000100,-0.000670,-0.000340,0.000340,587.663574,534.711914,395.935242,497.560242,420.374115,434.681091
1699146205286400,92.000000,-0.328972,0.929963,0.164156,0.000240,-0.000430,-0.000090,-0.000670,-0.000330,0.000340,447.720001,490.058594,309.527740,486.817383,299.085876,380.406464
1699146205732800,89.000000,-0.328972,0.929963,0.164156,0.000240,-0.000430,-0.000090,-0.000670,-0.000330,0.000340,571.802002,513.620483,270.967804,493.515442,295.333008,414.511078
1699146206367680,127.000000,-0.328972,0.929963,0.164156,0.000240,-0.000430,-0.000090,-0.000670,-0.000330,0.000340,503.875122,471.550751,305.873474,509.374420,330.611328,470.258179
1699146206903360,172.000000,-0.328972,0.929963,0.164156,0.000240,-0.000430,-0.000090,-0.000670,-0.000330,0.000340,676.481445,523.862061,366.065796,593.847900,456.425903,615.763855
1699146207389440,153.000000,-0.328972,0.929963,0.164156,0.000240,-0.000430,-0.000090,-0.000670,-0.000330,0.000340,718.834778,576.771667,400.944153,602.429077,500.028534,653.691284
1699146207816000,73.000000,-0.328972,0.929963,0.164156,0.000240,-0.000430,-0.000090,-0.000670,-0.000330,0.000340,578.563171,486.388367,386.822601,532.098633,475.585754,594.340332
1699146208252480,150.000000,-0.328972,0.929963,0.164156,0.000240,-0.000430,-0.000090,-0.000670,-0.000330,0.000340,675.359070,497.085144,402.675720,601.133118,533.234863,687.261841
1699146208669120,139.000000,-0.328972,0.929963,0.164156,0.000240,-0.000430,-0.000090,-0.000670,-0.000330,0.000340,647.851196,428.856537,394.236694,552.058777,523.741638,660.929321
1699146209085760,103.000000,-0.332399,0.927676,0.170083,0.000240,-0.000430,-0.000100,-0.000670,-0.000330,0.000340,195.877670,393.770020,388.668762,212.674866,229.772614,636.278076
1699146209522240,117.000000,-0.332399,0.927676,0.170083,0.000240,-0.000430,-0.000100,-0.000670,-0.000330,0.000340,530.568054,357.147522,315.561584,553.062805,495.983521,591.225647
1699146209938880,93.000000,-0.328972,0.929963,0.164156,0.000240,-0.000430,-0.000090,-0.000670,-0.000330,0.000340,611.983032,406.442352,414.450867,590.418457,626.203186,706.952576
1699146210355520,203.000000,-0.328972,0.929963,0.164156,0.000240,-0.000430,-0.000090,-0.000670,-0.000330,0.000340,614.194336,512.899536,488.041168,653.944885,713.476074,758.500854
1699146210772160,94.000000,0.563176,0.711752,0.419811,0.000240,-0.003930,-0.000090,0.001530,-0.000330,0.004630,383.421997,112.895630,200.645248,112.067612,217.095367,101.089462
1699146210782080,110.000000,-0.918547,0.329113,0.218991,-0.000430,-0.000350,-0.000010,-0.000310,-0.003740,0.000340,117.761284,159.147675,173.728592,114.312904,134.300156,523.227539
1699146211218560,73.000000,-0.329844,0.927682,0.174956,0.000240,-0.000440,-0.000100,-0.000670,-0.000330,0.000340,465.492371,485.635803,409.103516,567.372742,616.505188,630.378235
1699146211635200,103.000000,-0.329844,0.927682,0.174956,0.000240,-0.000440,-0.000100,-0.000670,-0.000330,0.000340,488.241028,436.206085,334.297791,539.106812,610.889526,629.393616
1699146212041920,112.000000,-0.329844,0.927682,0.174956,0.000240,-0.000440,-0.000100,-0.000670,-0.000330,0.000340,436.995056,509.970398,352.204193,579.770325,630.467041,593.004639
1699146212458560,117.000000,-0.329844,0.927682,0.174956,0.000240,-0.000440,-0.000100,-0.000670,-0.000330,0.000340,328.126160,482.885712,370.316528,544.668945,553.109619,631.939636
1699146212875200,91.000000,0.979554,0.184036,0.081263,-0.000010,-0.000440,-0.000090,-0.000550,0.002870,0.000340,160.039719,413.705292,318.709076,110.402390,127.118103,556.081116
1699146213291840,86.000000,-0.327097,0.927482,0.181064,0.000230,-0.000440,-0.000100,-0.000670,-0.000330,0.000340,367.781647,524.456543,379.654907,483.798584,582.732422,516.148315
1699146213698560,84.000000,-0.327097,0.927482,0.181064,0.000230,-0.000440,-0.000100,-0.000670,-0.000330,0.000340,332.592926,538.086060,331.129822,449.455139,512.780273,424.318420
1699146214095360,58.000000,-0.523865,0.851722,-0.011572,0.000230,-0.000100,-0.000100,-0.000450,-0.000330,0.000240,422.547974,112.832832,414.241547,127.546509,579.819885,109.152786
1699146214492160,125.000000,-0.327097,0.927482,0.181064,0.000230,-0.000440,-0.000100,-0.000670,-0.000330,0.000340,506.723755,652.037598,508.749573,648.737793,729.240784,648.460815
1699146214898880,281.000000,-0.327097,0.927482,0.181064,0.000230,-0.000440,-0.000100,-0.000670,-0.000330,0.000340,678.022583,829.474487,618.337463,779.672913,824.237549,741.653442
1699146215295680,550.000000,-0.323687,0.929808,0.175167,0.000230,-0.000440,-0.000090,-0.000670,-0.000330,0.000340,592.198853,806.121460,526.079102,716.758057,850.706421,654.145752
1699146215702400,213.000000,-0.327097,0.927482,0.181064,0.000230,-0.000440,-0.000100,-0.000670,-0.000330,0.000340,587.266235,775.664734,533.504150,680.958862,745.200317,670.766052
1699146216148800,215.000000,-0.327097,0.927482,0.181064,0.000230,-0.000440,-0.000100,-0.000670,-0.000330,0.000340,621.726807,677.942261,539.825256,764.937012,745.933228,681.471313
1699146216545600,153.000000,-0.852565,0.392702,-0.344846,0.000230,0.000980,-0.000100,-0.002130,-0.000330,-0.000850,669.183594,106.744553,409.998718,99.783981,539.591431,118.027367
1699146216555520,49.000000,0.144342,0.968538,0.202729,-0.002580,0.000760,0.000690,-0.005160,0.000650,0.000320,104.093857,137.705109,108.836525,117.028809,97.034821,225.589035
1699146216992000,217.000000,-0.327097,0.927482,0.181064,0.000230,-0.000440,-0.000100,-0.000670,-0.000330,0.000340,643.369141,707.077942,534.580566,722.235840,734.397095,611.150757
1699146217408640,167.000000,-0.327097,0.927482,0.181064,0.000230,-0.000440,-0.000100,-0.000670,-0.000330,0.000340,714.393250,791.614014,527.214966,733.437378,703.313171,583.252563
1699146217924480,277.000000,-0.327097,0.927482,0.181064,0.000230,-0.000440,-0.000100,-0.000670,-0.000330,0.000340,725.821106,801.621643,546.242188,762.434692,626.346436,561.137268
1699146218380800,195.000000,-0.327097,0.927482,0.181064,0.000230,-0.000440,-0.000100,-0.000670,-0.000330,0.000340,720.784607,800.619995,547.022522,739.575684,723.982544,578.244385
1699146218847040,403.000000,-0.327097,0.927482,0.181064,0.000230,-0.000440,-0.000100,-0.000670,-0.000330,0.000340,870.787659,870.341553,780.043762,848.123230,801.465088,733.211731
1699146219313280,215.000000,-0.327097,0.927482,0.181064,0.000230,-0.000440,-0.000100,-0.000670,-0.000330,0.000340,802.154297,807.389771,654.384277,781.446777,736.580688,589.760925
1699146219769600,207.000000,-0.327097,0.927482,0.181064,0.000230,-0.000440,-0.000100,-0.000670,-0.000330,0.000340,731.383179,746.601562,615.759521,741.798462,620.906006,515.724304
1699146220216000,181.000000,-0.327097,0.927482,0.181064,0.000230,-0.000440,-0.000100,-0.000670,-0.000330,0.000340,779.570251,752.204529,600.281006,748.907043,632.176880,433.050537
1699146220245760,53.000000,-0.420096,-0.907439,0.008629,-0.000340,0.000370,0.000160,0.000920,-0.000030,-0.003560,98.722412,116.784973,122.173180,96.827438,102.171097,111.569244
1699146220682240,318.000000,-0.327097,0.927482,0.181064,0.000230,-0.000440,-0.000100,-0.000670,-0.000330,0.000340,764.662964,766.269836,687.002991,739.309143,666.190796,564.755371
1699146221118720,185.000000,-0.327097,0.927482,0.181064,0.000230,-0.000440,-0.000100,-0.000670,-0.000330,0.000340,774.041626,707.944336,643.456665,755.172913,610.524658,518.109985
1699146221604800,174.000000,-0.327097,0.927482,0.181064,0.000230,-0.000440,-0.000100,-0.000670,-0.000330,0.000340,736.953674,743.239014,656.612549,781.469727,616.956543,527.122559
1699146222080960,406.000000,-0.327097,0.927482,0.181064,0.000230,-0.000440,-0.000100,-0.000670,-0.000330,0.000340,801.515259,776.409790,682.085938,821.620605,574.739014,501.382751
1699146222596800,265.000000,-0.327097,0.927482,0.181064,0.000230,-0.000440,-0.000100,-0.000670,-0.000330,0.000340,752.200378,726.270081,659.978638,774.932739,529.713867,426.429718
1699146223072960,251.000000,-0.327097,0.927482,0.181064,0.000230,-0.000440,-0.000100,-0.000670,-0.000330,0.000340,769.559631,698.384155,680.998657,785.033630,551.933594,451.803131
1699146223499520,141.000000,-0.321160,0.929761,0.180003,0.000230,-0.000440,-0.000100,-0.000670,-0.000330,0.000350,650.446533,595.385498,627.840820,726.309875,474.870361,408.586823
1699146224005440,234.000000,-0.321160,0.929761,0.180003,0.000230,-0.000440,-0.000100,-0.000670,-0.000330,0.000350,711.522583,669.300171,659.713745,812.925842,397.218262,479.301453
1699146224432000,430.000000,-0.314959,0.931838,0.180220,0.000230,-0.000440,-0.000100,-0.000670,-0.000320,0.000350,797.455322,748.645996,691.704834,887.436890,511.150604,590.246094
1699146224888320,306.000000,-0.327097,0.927482,0.181064,0.000230,-0.000440,-0.000100,-0.000670,-0.000330,0.000340,746.572388,708.541016,744.995178,811.672424,574.545532,503.915771
1699146225314880,171.000000,-0.327097,0.927482,0.181064,0.000230,-0.000440,-0.000100,-0.000670,-0.000330,0.000340,694.229980,652.115967,624.021851,776.058167,470.668854,415.675964
1699146225820800,176.000000,-0.314959,0.931838,0.180220,0.000230,-0.000440,-0.000100,-0.000670,-0.000320,0.000350,551.565857,562.064880,669.527466,773.966675,486.500336,561.787415
1699146226396160,160.000000,-0.314959,0.931838,0.180220,0.000230,-0.000440,-0.000100,-0.000670,-0.000320,0.000350,521.957886,494.468689,656.420593,772.528931,565.654419,577.581299
1699146226921920,500.000000,-0.312460,0.931738,0.185020,0.000230,-0.000450,-0.000100,-0.000670,-0.000320,0.000350,477.500275,398.892487,825.987793,852.922974,508.604858,610.461304
1699146227398080,185.000000,-0.314959,0.931838,0.180220,0.000230,-0.000440,-0.000100,-0.000670,-0.000320,0.000350,587.584595,460.876648,679.744995,748.915283,373.002136,469.751709
1699146227844480,182.000000,-0.314959,0.931838,0.180220,0.000230,-0.000440,-0.000100,-0.000670,-0.000320,0.000350,365.010803,451.144501,641.325317,644.949036,394.389404,509.655365
1699146228320640,110.000000,-0.314959,0.931838,0.180220,0.000230,-0.000440,-0.000100,-0.000670,-0.000320,0.000350,404.309326,408.045532,664.011719,651.872742,385.659119,491.581909
1699146228796800,132.000000,-0.309639,0.931449,0.191120,0.000220,-0.000450,-0.000100,-0.000670,-0.000320,0.000350,367.769928,436.088196,662.759155,692.584839,529.916504,562.215637
1699146229233280,159.000000,-0.309639,0.931449,0.191120,0.000220,-0.000450,-0.000100,-0.000670,-0.000320,0.000350,494.729553,546.212402,832.191772,813.153137,580.942627,640.045288
1699146229709440,166.000000,-0.314959,0.931838,0.180220,0.000230,-0.000440,-0.000100,-0.000670,-0.000320,0.000350,395.607239,419.708008,688.584839,717.457520,465.476379,488.551270
1699146230116160,104.000000,-0.309639,0.931449,0.191120,0.000220,-0.000450,-0.000100,-0.000670,-0.000320,0.000350,399.227936,434.348602,667.040039,651.060242,469.049438,469.741089
1699146230651840,103.000000,-0.309639,0.931449,0.191120,0.000220,-0.000450,-0.000100,-0.000670,-0.000320,0.000350,496.055756,538.344971,682.139404,683.928955,549.898132,529.943481
1699146231227200,166.000000,-0.309639,0.931449,0.191120,0.000220,-0.000450,-0.000100,-0.000670,-0.000320,0.000350,653.442200,647.463745,778.829956,758.577576,623.987061,634.218018
1699146231703360,150.000000,-0.309639,0.931449,0.191120,0.000220,-0.000450,-0.000100,-0.000670,-0.000320,0.000350,629.177856,628.812744,696.971619,755.101746,528.973999,558.160034
1699146232189440,103.000000,-0.309639,0.931449,0.191120,0.000220,-0.000450,-0.000100,-0.000670,-0.000320,0.000350,542.709290,593.131470,577.307800,683.852051,517.545715,553.797058
1699146232635840,110.000000,-0.309639,0.931449,0.191120,0.000220,-0.000450,-0.000100,-0.000670,-0.000320,0.000350,650.024536,497.680389,671.980225,613.735229,601.669250,489.422363
1699146233102080,130.000000,-0.146216,0.943387,0.297729,0.000060,-0.000450,-0.000100,-0.000670,-0.000160,0.000350,162.060394,587.689453,604.546326,197.467758,181.214462,547.158081
1699146233568320,159.000000,-0.309639,0.931449,0.191120,0.000220,-0.000450,-0.000100,-0.000670,-0.000320,0.000350,766.466614,722.422729,746.519531,743.781616,704.893921,641.108398
1699146234014720,304.000000,-0.309639,0.931449,0.191120,0.000220,-0.000450,-0.000100,-0.000670,-0.000320,0.000350,729.156738,674.484497,741.375244,787.421021,622.893555,591.626709
1699146234560320,220.000000,-0.309639,0.931449,0.191120,0.000220,-0.000450,-0.000100,-0.000670,-0.000320,0.000350,729.806641,716.504150,688.308472,741.519653,657.192322,637.967896
1699146235076160,102.000000,-0.309639,0.931449,0.191120,0.000220,-0.000450,-0.000100,-0.000670,-0.000320,0.000350,663.326721,675.326233,608.776855,647.709351,631.504639,574.566284
1699146235671360,132.000000,-0.309639,0.931449,0.191120,0.000220,-0.000450,-0.000100,-0.000670,-0.000320,0.000350,705.820679,686.881531,621.629883,687.328491,647.067261,580.895142
1699146236107840,205.000000,-0.309639,0.931449,0.191120,0.000220,-0.000450,-0.000100,-0.000670,-0.000320,0.000350,768.173523,804.839966,703.210449,802.148560,792.164062,714.267883
1699146236524480,177.000000,-0.309639,0.931449,0.191120,0.000220,-0.000450,-0.000100,-0.000670,-0.000320,0.000350,801.994080,806.718994,679.367798,789.370972,754.886108,625.525452
1699146237020480,191.000000,-0.309639,0.931449,0.191120,0.000220,-0.000450,-0.000100,-0.000670,-0.000320,0.000350,659.345886,742.027832,572.557617,693.533569,697.807190,627.819214
1699146237635520,527.000000,-0.309639,0.931449,0.191120,0.000220,-0.000450,-0.000100,-0.000670,-0.000320,0.000350,850.808350,926.628174,774.452087,875.552734,849.315125,816.851868
1699146238200960,709.000000,-0.309639,0.931449,0.191120,0.000220,-0.000450,-0.000100,-0.000670,-0.000320,0.000350,832.204895,868.520386,709.046021,837.992432,852.936279,798.403381
1699146238716800,195.000000,-0.309639,0.931449,0.191120,0.000220,-0.000450,-0.000100,-0.000670,-0.000320,0.000350,690.258850,754.824219,618.448608,753.859497,762.515808,708.404419
1699146239183040,207.000000,-0.309639,0.931449,0.191120,0.000220,-0.000450,-0.000100,-0.000670,-0.000320,0.000350,607.265259,748.817871,549.067505,745.494080,777.624634,720.551636
1699146239768320,139.000000,-0.309639,0.931449,0.191120,0.000220,-0.000450,-0.000100,-0.000670,-0.000320,0.000350,592.743469,405.887054,563.587463,442.738892,702.024658,484.594788
1699146240214720,137.000000,0.266032,0.853296,0.448457,0.000220,-0.002110,-0.000100,-0.000150,-0.000320,0.001700,521.672852,108.571831,497.448730,115.916206,595.182495,100.097214
1699146240680960,393.000000,-0.309639,0.931449,0.191120,0.000220,-0.000450,-0.000100,-0.000670,-0.000320,0.000350,583.681396,742.400879,576.094849,797.289734,826.323486,785.109924
1699146241107520,241.000000,-0.309639,0.931449,0.191120,0.000220,-0.000450,-0.000100,-0.000670,-0.000320,0.000350,281.148346,720.362976,603.877136,396.015320,418.063385,763.130005
1699146241643200,156.000000,-0.309639,0.931449,0.191120,0.000220,-0.000450,-0.000100,-0.000670,-0.000320,0.000350,474.418304,644.553894,547.879761,688.801147,700.476746,726.909363
1699146242129280,81.000000,-0.309639,0.931449,0.191120,0.000220,-0.000450,-0.000100,-0.000670,-0.000320,0.000350,378.497986,496.745483,423.843018,523.413025,518.481506,541.133545
1699146242645120,97.000000,0.165244,0.972652,0.163227,0.000220,-0.002240,-0.000100,-0.003790,-0.000320,0.004520,340.150818,108.293930,416.226227,107.587769,512.251831,115.461533
1699146243121280,160.000000,-0.309639,0.931449,0.191120,0.000220,-0.000450,-0.000100,-0.000670,-0.000320,0.000350,326.374573,438.462891,421.488708,590.115845,631.678284,600.978333
1699146243726400,91.000000,-0.309639,0.931449,0.191120,0.000220,-0.000450,-0.000100,-0.000670,-0.000320,0.000350,295.345917,419.183746,425.154663,505.459625,504.003174,524.965271
1699146244311680,140.000000,-0.306790,0.931115,0.197243,0.000210,-0.000450,-0.000100,-0.000670,-0.000320,0.000350,439.837189,341.616028,344.156555,598.557617,553.203857,607.870911
1699146244738240,84.000000,-0.306790,0.931115,0.197243,0.000210,-0.000450,-0.000100,-0.000670,-0.000320,0.000350,351.722931,431.350006,419.353485,550.148560,512.970947,620.195251
1699146245204480,97.000000,-0.306790,0.931115,0.197243,0.000210,-0.000450,-0.000100,-0.000670,-0.000320,0.000350,361.877380,330.670990,375.806030,496.562592,413.115295,527.037415
1699146245611200,166.000000,-0.306790,0.931115,0.197243,0.000210,-0.000450,-0.000100,-0.000670,-0.000320,0.000350,411.533752,383.592987,437.903351,553.579468,506.044891,584.212891
1699146245998080,87.000000,-0.306790,0.931115,0.197243,0.000210,-0.000450,-0.000100,-0.000670,-0.000320,0.000350,290.697937,417.804932,457.271912,488.413391,449.636993,631.275635
1699146246662720,139.000000,-0.304297,0.930925,0.201945,0.000210,-0.000460,-0.000100,-0.000670,-0.000320,0.000350,550.830078,354.502716,498.221313,626.405029,539.283813,689.143188
1699146247119040,285.000000,-0.304297,0.930925,0.201945,0.000210,-0.000460,-0.000100,-0.000670,-0.000320,0.000350,657.116943,479.748871,512.099670,704.845764,658.127930,785.998413
1699146247555520,166.000000,-0.304297,0.930925,0.201945,0.000210,-0.000460,-0.000100,-0.000670,-0.000320,0.000350,600.511047,482.730896,510.275513,659.320435,568.009827,680.274353
1699146247972160,238.000000,-0.304297,0.930925,0.201945,0.000210,-0.000460,-0.000100,-0.000670,-0.000320,0.000350,677.113525,470.308105,550.296631,713.373474,588.508606,750.500244
1699146248368960,112.000000,-0.304297,0.930925,0.201945,0.000210,-0.000460,-0.000100,-0.000670,-0.000320,0.000350,642.334656,400.111267,624.597656,613.754395,393.430542,657.576538
1699146248765760,136.000000,-0.304297,0.930925,0.201945,0.000210,-0.000460,-0.000100,-0.000670,-0.000320,0.000350,618.441956,406.549896,539.846558,577.465942,481.424347,673.640320
1699146249152640,117.000000,-0.304297,0.930925,0.201945,0.000210,-0.000460,-0.000100,-0.000670,-0.000320,0.000350,695.074951,544.123047,499.067719,653.334778,485.261749,653.024292
1699146249589120,126.000000,-0.304297,0.930925,0.201945,0.000210,-0.000460,-0.000100,-0.000670,-0.000320,0.000350,677.435608,522.052734,494.777954,652.461304,423.338470,606.311646
1699146250233920,130.000000,-0.304297,0.930925,0.201945,0.000210,-0.000460,-0.000100,-0.000670,-0.000320,0.000350,666.637878,530.199524,425.596313,582.958008,371.846588,539.904663
1699146250809280,99.000000,-0.298009,0.932898,0.202216,0.000210,-0.000460,-0.000100,-0.000670,-0.000310,0.000350,656.051331,539.327942,443.086914,581.236694,382.377289,523.546570
1699146251473920,96.000000,-0.298009,0.932898,0.202216,0.000210,-0.000460,-0.000100,-0.000670,-0.000310,0.000350,581.780518,275.545410,417.436462,293.751038,364.550781,241.010010
1699146252128640,77.000000,-0.298009,0.932898,0.202216,0.000210,-0.000460,-0.000100,-0.000670,-0.000310,0.000350,713.236084,628.484619,413.918396,581.599243,495.054321,559.674805
1699146260907840,52.000000,-0.289694,0.931700,0.219117,0.000200,-0.000470,-0.000110,-0.000660,-0.000310,0.000360,439.519562,366.945343,434.105896,280.712494,435.907715,312.873840
1699146261403840,90.000000,-0.289694,0.931700,0.219117,0.000200,-0.000470,-0.000110,-0.000660,-0.000310,0.000360,556.523682,519.278687,595.474731,345.484436,571.431519,374.778259
1699146261770880,106.000000,-0.290187,0.931908,0.217575,0.000200,-0.000470,-0.000110,-0.000670,-0.000310,0.000360,592.126221,577.954346,661.602295,342.045227,650.854858,410.789032
1699146262455360,86.000000,-0.290187,0.931908,0.217575,0.000200,-0.000470,-0.000110,-0.000670,-0.000310,0.000360,550.428711,519.575134,637.561157,355.032288,675.695190,474.290436
1699146263050560,63.000000,-0.295572,0.929559,0.220357,0.000200,-0.000470,-0.000110,-0.000660,-0.000310,0.000350,382.255554,432.546021,420.362488,306.662109,534.440674,298.640381
1699146263606080,70.000000,-0.289694,0.931700,0.219117,0.000200,-0.000470,-0.000110,-0.000660,-0.000310,0.000360,308.785492,473.921051,443.459717,289.390381,478.029144,270.206299
1699146264131840,70.000000,-0.160339,0.971761,0.173127,0.000110,-0.000470,-0.000110,-0.001500,0.000010,0.000360,132.535812,357.912964,338.166321,87.528328,107.560127,314.835388
1699146264588160,73.000000,-0.289694,0.931700,0.219117,0.000200,-0.000470,-0.000110,-0.000660,-0.000310,0.000360,246.468658,423.161591,345.141449,240.896927,411.295410,357.116821
1699146265223040,91.000000,-0.286726,0.931152,0.225263,0.000190,-0.000470,-0.000110,-0.000660,-0.000310,0.000360,425.953308,547.291382,392.608215,418.836517,384.339478,369.348206
1699146265768640,81.000000,-0.286726,0.931152,0.225263,0.000190,-0.000470,-0.000110,-0.000660,-0.000310,0.000360,457.369141,517.104858,372.098267,401.557343,492.593201,393.143646
1699146266324160,70.000000,-0.286726,0.931152,0.225263,0.000190,-0.000470,-0.000110,-0.000660,-0.000310,0.000360,414.978668,524.977417,386.914551,364.003357,329.565125,429.849579
1699146266730880,47.000000,-0.290123,0.928672,0.231076,0.000190,-0.000470,-0.000120,-0.000660,-0.000310,0.000360,445.335663,510.880737,298.846802,357.625671,375.692902,387.559204
1699146267177280,45.000000,-0.207676,0.901028,0.380815,-0.000020,-0.000470,-0.000110,-0.000570,-0.000310,0.000360,138.350204,408.687256,310.148499,143.111084,162.135559,392.983612
1699146267653440,51.000000,-0.280310,0.933025,0.225588,0.000190,-0.000470,-0.000110,-0.000660,-0.000300,0.000360,438.564423,375.792725,297.931580,376.664062,219.185364,367.354950
1699146268347840,32.000000,-0.286726,0.931152,0.225263,0.000190,-0.000470,-0.000110,-0.000660,-0.000310,0.000360,385.440887,347.751160,284.997406,348.520020,251.345825,419.037292
1699146269657280,34.000000,-0.283732,0.930558,0.231425,0.000190,-0.000470,-0.000120,-0.000660,-0.000300,0.000360,305.867554,200.275269,213.338837,215.984940,237.287201,275.437866
1699146270153280,58.000000,-0.283732,0.930558,0.231425,0.000190,-0.000470,-0.000120,-0.000660,-0.000300,0.000360,236.600571,260.270569,185.352783,199.425537,205.053253,258.807007
1699146271075840,49.000000,-0.281282,0.930171,0.235928,0.000190,-0.000480,-0.000120,-0.000660,-0.000300,0.000360,368.701599,315.267548,334.521545,391.388611,403.139587,445.793549
1699146271532160,59.000000,-0.281282,0.930171,0.235928,0.000190,-0.000480,-0.000120,-0.000660,-0.000300,0.000360,240.880600,311.717010,307.915344,360.308777,415.321320,473.301941
1699146272028160,50.000000,-0.281282,0.930171,0.235928,0.000190,-0.000480,-0.000120,-0.000660,-0.000300,0.000360,284.696564,244.191162,233.530487,312.698547,333.304382,389.538513
1699146272613440,68.000000,-0.278260,0.929500,0.242077,0.000180,-0.000480,-0.000120,-0.000660,-0.000300,0.000360,334.117981,457.841309,395.254700,502.651215,494.031067,514.498474
1699146273119360,53.000000,-0.278260,0.929500,0.242077,0.000180,-0.000480,-0.000120,-0.000660,-0.000300,0.000360,321.159760,483.874207,387.933105,436.033112,469.275421,500.256317
1699146273585600,40.000000,-0.278260,0.929500,0.242077,0.000180,-0.000480,-0.000120,-0.000660,-0.000300,0.000360,271.796387,406.424072,356.546997,385.074005,381.363831,348.659271
1699146274795840,46.000000,-0.278260,0.929500,0.242077,0.000180,-0.000480,-0.000120,-0.000660,-0.000300,0.000360,412.321442,450.525391,452.569580,424.951874,467.613556,395.244720
1699146275500160,33.000000,-0.278260,0.929500,0.242077,0.000180,-0.000480,-0.000120,-0.000660,-0.000300,0.000360,353.871277,359.073364,335.968872,327.613831,305.512848,256.727966
1699146275936640,37.000000,-0.278260,0.929500,0.242077,0.000180,-0.000480,-0.000120,-0.000660,-0.000300,0.000360,323.529663,350.886292,339.855316,355.793823,216.745193,247.673492
1699146382378240,41.000000,-0.280568,0.077561,0.956695,-0.003620,-0.000590,0.000340,-0.000110,-0.003340,0.000650,100.775650,140.687775,128.043152,124.989243,121.021049,121.666611
1699146386852160,58.000000,0.871489,0.490148,0.016163,-0.000190,-0.000300,0.000350,-0.000110,0.000540,0.000650,152.179153,198.632660,130.782959,211.142197,143.862274,291.234436
1699146394282240,36.000000,0.845697,0.527114,0.083352,-0.000180,-0.000440,0.000350,-0.000110,0.000540,0.000650,185.770996,154.419159,105.502151,245.317078,171.121094,187.481873
1699146394718720,60.000000,0.871167,0.490958,0.005317,-0.000180,-0.000290,0.000350,-0.000110,0.000540,0.000650,170.629028,154.831238,168.877625,264.750092,228.120895,175.106552
1699146395512320,39.000000,0.871167,0.490958,0.005317,-0.000180,-0.000290,0.000350,-0.000110,0.000540,0.000650,163.952713,155.001633,137.070679,240.230103,149.140198,124.742661
1699146401315520,89.000000,0.871441,0.490501,-0.000535,-0.000180,-0.000290,0.000360,-0.000110,0.000540,0.000650,305.679321,306.539856,201.828918,341.755707,297.059326,251.455093
1699146401940480,81.000000,0.871441,0.490501,-0.000535,-0.000180,-0.000290,0.000360,-0.000110,0.000540,0.000650,377.713867,365.490173,345.920532,408.927673,423.768097,356.070038
1699146402724160,80.000000,0.871441,0.490501,-0.000535,-0.000180,-0.000290,0.000360,-0.000110,0.000540,0.000650,345.162201,246.280792,365.430847,380.983459,403.469299,343.987213
1699146404807360,75.000000,0.871441,0.490501,-0.000535,-0.000180,-0.000290,0.000360,-0.000110,0.000540,0.000650,424.534729,295.376160,451.103058,433.676117,479.663879,346.654175
1699146405571200,82.000000,0.871441,0.490501,-0.000535,-0.000180,-0.000290,0.000360,-0.000110,0.000540,0.000650,357.468018,233.665527,460.759613,418.362854,446.536255,323.358765
1699146406374720,78.000000,0.871441,0.490501,-0.000535,-0.000180,-0.000290,0.000360,-0.000110,0.000540,0.000650,383.912170,264.514893,398.064453,545.113098,499.135895,329.692810
1699146407198080,355.000000,0.872928,0.487812,-0.006001,-0.000180,-0.000280,0.000360,-0.000110,0.000540,0.000650,541.608643,309.465515,577.840454,700.631958,708.262207,439.932983
1699146407644480,128.000000,0.872928,0.487812,-0.006001,-0.000180,-0.000280,0.000360,-0.000110,0.000540,0.000650,365.288452,339.944092,435.404694,589.428833,520.004395,397.381989
1699146408110720,82.000000,0.871441,0.490501,-0.000535,-0.000180,-0.000290,0.000360,-0.000110,0.000540,0.000650,331.865936,221.526993,365.045380,447.525330,456.097443,366.806580
1699146408576960,101.000000,0.871441,0.490501,-0.000535,-0.000180,-0.000290,0.000360,-0.000110,0.000540,0.000650,430.406525,284.344391,427.256683,468.437286,512.539001,366.850494
1699146409092800,124.000000,0.872928,0.487812,-0.006001,-0.000180,-0.000280,0.000360,-0.000110,0.000540,0.000650,314.407532,156.124985,348.994720,472.888367,487.055023,308.992828
1699146409549120,45.000000,0.885057,0.462037,-0.056529,-0.000180,-0.000190,0.000360,-0.000110,0.000540,0.000650,268.758789,158.705719,248.652054,255.961945,268.297699,242.768051
1699146409975680,45.000000,-0.271117,0.492379,-0.827078,0.005030,-0.000110,0.000360,-0.000110,0.000540,0.000650,115.283600,156.516953,220.467163,184.383301,217.791916,127.131508
1699146410402240,33.000000,0.874185,0.485560,-0.005653,-0.000180,-0.000280,0.000360,-0.000110,0.000540,0.000640,161.921326,132.021179,213.662430,166.692047,254.352493,137.395065
1699146410828800,41.000000,0.814936,0.579529,0.005015,-0.000290,-0.000190,0.000360,-0.000370,0.000540,0.000650,131.670868,117.246658,141.779099,112.722412,226.459106,109.115677
1699146411235520,45.000000,0.886368,0.459520,-0.056517,-0.000180,-0.000190,0.000360,-0.000110,0.000540,0.000640,213.906464,134.106659,166.989761,175.177429,255.700317,145.499741
1699146416542720,52.000000,0.826421,0.533626,0.179642,-0.000180,-0.000620,0.000360,-0.000100,0.000540,0.000520,140.112091,99.507080,150.414001,257.847534,187.998505,129.660507
1699146417574400,42.000000,0.877597,0.479366,-0.005674,-0.000180,-0.000280,0.000360,-0.000100,0.000540,0.000640,157.174744,130.057800,124.401062,183.062744,198.967499,138.625336
1699146418576320,30.000000,0.876109,0.482113,-0.000167,-0.000180,-0.000290,0.000360,-0.000100,0.000540,0.000640,173.183716,173.345230,213.290039,325.764771,301.600311,242.442047
1699146419032640,36.000000,0.877597,0.479366,-0.005674,-0.000180,-0.000280,0.000360,-0.000100,0.000540,0.000640,238.052841,161.542816,314.383698,335.537964,331.813782,261.821777
1699146419498880,57.000000,0.877597,0.479366,-0.005674,-0.000180,-0.000280,0.000360,-0.000100,0.000540,0.000640,212.715073,175.237305,315.042236,382.728577,363.144958,338.340179
1699146419925440,43.000000,0.139838,-0.571530,-0.808579,-0.000180,0.002770,0.000360,-0.000040,0.000540,0.000000,205.785782,100.065384,356.372437,146.660553,254.586060,114.693985
1699146420540480,34.000000,0.877597,0.479366,-0.005674,-0.000180,-0.000280,0.000360,-0.000100,0.000540,0.000640,141.321472,146.154327,177.907196,189.514954,233.665024,206.187607
1699146421046400,61.000000,0.880491,0.473765,-0.016781,-0.000180,-0.000260,0.000360,-0.000100,0.000540,0.000640,200.827087,212.213867,335.094269,398.614502,373.557251,282.009827
1699146421532480,70.000000,0.863157,0.483616,0.145172,-0.000190,-0.000290,0.000140,-0.000100,0.000540,0.000640,265.724915,257.003632,143.048721,445.815430,184.162354,173.531921
1699146423367680,53.000000,0.882424,0.470321,-0.011239,-0.000190,-0.000260,0.000360,-0.000100,0.000540,0.000640,227.579437,181.810165,143.237854,249.493546,289.181152,209.812241
1699146423843840,53.000000,0.877986,0.478658,0.005298,-0.000190,-0.000290,0.000360,-0.000100,0.000540,0.000640,131.735443,217.568466,198.089828,292.998260,231.292542,207.211060
1699146424290240,61.000000,0.877986,0.478658,0.005298,-0.000190,-0.000290,0.000360,-0.000100,0.000540,0.000640,157.138229,246.943726,217.321777,308.619446,285.096619,233.507019
1699146424796160,55.000000,0.877986,0.478658,0.005298,-0.000190,-0.000290,0.000360,-0.000100,0.000540,0.000640,189.177094,226.261688,190.006058,249.366821,246.787506,206.617950
1699146426304000,38.000000,0.872214,0.488997,-0.011158,-0.000160,-0.000290,0.000360,-0.000100,0.000540,0.000640,105.033844,161.699524,164.323898,280.511688,233.756317,237.061401
1699146428198720,33.000000,-0.163092,0.003117,0.986606,-0.000190,-0.000290,-0.002990,-0.000100,0.000540,0.000640,118.961014,249.103653,122.950470,188.559174,212.357162,190.997665
1699146430192640,44.000000,0.877711,0.479059,0.011207,-0.000190,-0.000290,0.000350,-0.000100,0.000540,0.000640,184.462738,164.146057,156.015305,185.586349,234.297287,174.553528
1699146432732160,185.000000,0.000000,0.000000,0.000000,0.000000,0.000000,0.000000,0.000000,0.000000,0.000000,526.234375,514.843384,483.118744,490.085022,507.719330,500.849915
1699146432742080,187.000000,0.000000,0.000000,0.000000,0.000000,0.000000,0.000000,0.000000,0.000000,0.000000,541.641235,565.512390,571.102783,557.980286,487.866364,567.197632
1699146432752000,181.000000,0.000000,0.000000,0.000000,0.000000,0.000000,0.000000,0.000000,0.000000,0.000000,529.803711,528.682190,511.624847,505.350830,572.557190,556.384766
1699146432761920,189.000000,0.000000,0.000000,0.000000,0.000000,0.000000,0.000000,0.000000,0.000000,0.000000,545.831604,508.317108,488.644287,548.660645,525.299927,536.011597
1699146432841280,195.000000,0.000000,0.000000,0.000000,0.000000,0.000000,0.000000,0.000000,0.000000,0.000000,499.882080,526.269470,518.433105,456.084595,422.359772,519.192871
1699146432851200,192.000000,0.000000,0.000000,0.000000,0.000000,0.000000,0.000000,0.000000,0.000000,0.000000,565.030945,565.609863,550.806458,573.897095,567.999878,562.486450
1699146432861120,204.000000,0.000000,0.000000,0.000000,0.000000,0.000000,0.000000,0.000000,0.000000,0.000000,597.904297,539.048218,542.528198,551.020264,576.140686,616.808899
1699146432871040,195.000000,0.000000,0.000000,0.000000,0.000000,0.000000,0.000000,0.000000,0.000000,0.000000,559.339355,564.305420,538.778625,565.118347,530.667297,580.908997
1699146432880960,192.000000,0.000000,0.000000,0.000000,0.000000,0.000000,0.000000,0.000000,0.000000,0.000000,547.612976,527.547424,548.575562,533.512207,528.247864,468.164276
1699146432950400,220.000000,0.000000,0.000000,0.000000,0.000000,0.000000,0.000000,0.000000,0.000000,0.000000,546.521667,556.079224,585.004150,607.314514,580.301636,544.404602
1699146432960320,202.000000,0.000000,0.000000,0.000000,0.000000,0.000000,0.000000,0.000000,0.000000,0.000000,599.439331,557.997253,605.221252,615.004028,621.773193,585.156372
1699146432970240,201.000000,0.000000,0.000000,0.000000,0.000000,0.000000,0.000000,0.000000,0.000000,0.000000,570.647461,621.629089,596.424561,627.260376,655.293152,602.820190
1699146432980160,213.000000,0.000000,0.000000,0.000000,0.000000,0.000000,0.000000,0.000000,0.000000,0.000000,580.438843,570.961975,550.837219,612.991882,646.332520,621.627930
1699146433039680,221.000000,0.000000,0.000000,0.000000,0.000000,0.000000,0.000000,0.000000,0.000000,0.000000,381.464050,479.549225,432.044678,448.302979,457.733032,505.246918
1699146433049600,178.000000,0.000000,0.000000,0.000000,0.000000,0.000000,0.000000,0.000000,0.000000,0.000000,531.048157,546.766296,584.615601,538.783813,521.140320,575.930847
1699146433059520,224.000000,0.000000,0.000000,0.000000,0.000000,0.000000,0.000000,0.000000,0.000000,0.000000,590.236511,637.747009,580.018860,629.605225,624.580444,609.493958
1699146433069440,215.000000,0.000000,0.000000,0.000000,0.000000,0.000000,0.000000,0.000000,0.000000,0.000000,610.145874,594.323486,594.458740,608.972229,622.601074,655.063538
1699146433079360,193.000000,0.000000,0.000000,0.000000,0.000000,0.000000,0.000000,0.000000,0.000000,0.000000,516.668518,577.574524,536.058838,613.007324,597.864380,583.716553
1699146433089280,248.000000,0.000000,0.000000,0.000000,0.000000,0.000000,0.000000,0.000000,0.000000,0.000000,480.446014,490.398804,444.625610,545.261902,601.356506,533.070801
1699146433138880,195.000000,0.000000,0.000000,0.000000,0.000000,0.000000,0.000000,0.000000,0.000000,0.000000,471.333588,529.832947,536.791199,385.711334,467.126373,456.539703
1699146433148800,232.000000,0.000000,0.000000,0.000000,0.000000,0.000000,0.000000,0.000000,0.000000,0.000000,618.596558,650.426697,653.696106,638.154419,629.729919,665.731445
1699146433158720,226.000000,0.000000,0.000000,0.000000,0.000000,0.000000,0.000000,0.000000,0.000000,0.000000,619.710205,616.785645,660.738037,654.219543,648.829346,690.481812
1699146433168640,221.000000,0.000000,0.000000,0.000000,0.000000,0.000000,0.000000,0.000000,0.000000,0.000000,633.415222,627.784485,620.934937,654.778015,616.531555,628.153198
1699146433178560,240.000000,0.000000,0.000000,0.000000,0.000000,0.000000,0.000000,0.000000,0.000000,0.000000,599.057373,563.925354,591.938171,605.602661,616.155151,605.889954
1699146433188480,163.000000,0.000000,0.000000,0.000000,0.000000,0.000000,0.000000,0.000000,0.000000,0.000000,489.091858,478.412750,440.692749,531.700500,543.149780,495.111511
1699146433238080,252.000000,0.000000,0.000000,0.000000,0.000000,0.000000,0.000000,0.000000,0.000000,0.000000,572.885498,604.392578,529.117004,562.382385,515.518799,574.621887
1699146433248000,223.000000,0.000000,0.000000,0.000000,0.000000,0.000000,0.000000,0.000000,0.000000,0.000000,596.719116,629.486633,617.557739,640.017517,602.452332,607.543396
1699146433257920,245.000000,0.000000,0.000000,0.000000,0.000000,0.000000,0.000000,0.000000,0.000000,0.000000,690.356873,697.760620,688.345032,676.725708,680.258972,746.422791
1699146433267840,231.000000,0.000000,0.000000,0.000000,0.000000,0.000000,0.000000,0.000000,0.000000,0.000000,670.224243,665.820374,672.407288,670.361084,706.529419,726.933899
1699146433277760,192.000000,0.000000,0.000000,0.000000,0.000000,0.000000,0.000000,0.000000,0.000000,0.000000,642.577820,550.317993,569.894348,548.191650,573.431152,583.317627
1699146433287680,238.000000,0.000000,0.000000,0.000000,0.000000,0.000000,0.000000,0.000000,0.000000,0.000000,508.053040,487.045441,529.438782,511.907776,545.589233,520.728943
1699146433327360,229.000000,0.000000,0.000000,0.000000,0.000000,0.000000,0.000000,0.000000,0.000000,0.000000,425.363464,488.574585,506.180237,420.333740,461.682373,548.470398
1699146433337280,216.000000,0.000000,0.000000,0.000000,0.000000,0.000000,0.000000,0.000000,0.000000,0.000000,598.481445,606.318176,633.605469,598.072693,580.944763,622.133484
1699146433347200,235.000000,0.000000,0.000000,0.000000,0.000000,0.000000,0.000000,0.000000,0.000000,0.000000,704.957031,707.592529,702.618286,672.794556,662.031494,697.785889
1699146433357120,250.000000,0.000000,0.000000,0.000000,0.000000,0.000000,0.000000,0.000000,0.000000,0.000000,652.523987,690.829651,671.915588,708.543701,673.565186,698.752563
1699146433367040,221.000000,0.000000,0.000000,0.000000,0.000000,0.000000,0.000000,0.000000,0.000000,0.000000,617.152832,626.219849,596.302856,643.461243,638.983582,640.954895
1699146433416640,234.000000,0.000000,0.000000,0.000000,0.000000,0.000000,0.000000,0.000000,0.000000,0.000000,355.605988,468.139221,470.702393,367.461060,351.926147,455.914124
1699146433426560,213.000000,0.000000,0.000000,0.000000,0.000000,0.000000,0.000000,0.000000,0.000000,0.000000,526.375671,572.225525,589.604065,554.405273,499.095093,586.402466
1699146433436480,244.000000,0.000000,0.000000,0.000000,0.000000,0.000000,0.000000,0.000000,0.000000,0.000000,651.121460,688.469971,678.296143,664.536194,677.390137,680.929993
1699146433446400,240.000000,0.000000,0.000000,0.000000,0.000000,0.000000,0.000000,0.000000,0.000000,0.000000,650.245361,614.251526,643.203796,643.763245,719.773010,646.094849
1699146433456320,226.000000,0.000000,0.000000,0.000000,0.000000,0.000000,0.000000,0.000000,0.000000,0.000000,685.100647,622.269470,606.758240,651.848511,661.928955,678.050903
1699146433466240,230.000000,0.000000,0.000000,0.000000,0.000000,0.000000,0.000000,0.000000,0.000000,0.000000,585.081665,613.393127,596.481445,582.052551,616.464844,640.621399
1699146433525760,214.000000,0.000000,0.000000,0.000000,0.000000,0.000000,0.000000,0.000000,0.000000,0.000000,489.945465,553.246277,514.763611,533.582825,507.454376,571.166199
1699146433535680,200.000000,0.000000,0.000000,0.000000,0.000000,0.000000,0.000000,0.000000,0.000000,0.000000,627.562500,611.629883,618.311218,593.238281,587.960999,631.355652
1699146433545600,194.000000,0.000000,0.000000,0.000000,0.000000,0.000000,0.000000,0.000000,0.000000,0.000000,543.987793,573.120972,579.390991,573.540344,546.830505,583.992371
1699146433555520,206.000000,0.000000,0.000000,0.000000,0.000000,0.000000,0.000000,0.000000,0.000000,0.000000,615.783447,556.998840,590.544312,584.826721,604.471191,551.379517
1699146433634880,165.000000,0.000000,0.000000,0.000000,0.000000,0.000000,0.000000,0.000000,0.000000,0.000000,495.551361,492.852661,481.815338,526.151978,547.129944,568.301941
1699146436938240,52.000000,0.186373,0.979220,0.079956,-0.000460,-0.000290,0.000350,-0.002470,0.000540,0.000640,133.565277,119.117241,124.432228,98.629509,220.378723,149.254196
1699146438882560,49.000000,0.873054,0.487504,0.010751,-0.000190,-0.000290,0.000350,-0.000110,0.000540,0.000650,213.957886,169.381927,151.311615,194.456055,175.585236,120.878853
1699146439328960,52.000000,0.881804,0.470114,0.037599,-0.000240,-0.000290,0.000350,-0.000110,0.000540,0.000650,177.503235,168.026398,197.148956,266.756470,346.418823,213.311707
1699146439765440,44.000000,-0.096291,0.995328,0.007074,-0.000190,-0.000290,0.000350,-0.004640,0.000540,0.000480,168.580002,113.756912,134.638367,120.167496,200.799225,104.813644
1699146440430080,42.000000,0.876109,0.482113,-0.000168,-0.000190,-0.000270,0.000350,-0.000110,0.000540,0.000650,167.957977,106.175491,134.426071,255.752197,207.316208,167.255951
1699146444001280,35.000000,0.526727,0.076562,0.846579,-0.003460,-0.002070,-0.000300,-0.000110,0.000540,0.000640,114.364639,108.867371,131.832108,193.157303,103.754929,144.941544
1699146446838400,38.000000,0.871489,0.490148,0.016163,-0.000190,-0.000300,0.000350,-0.000110,0.000540,0.000650,249.177673,206.675339,224.624420,309.669556,262.751831,198.315567
1699146447304640,70.000000,0.871489,0.490148,0.016163,-0.000190,-0.000300,0.000350,-0.000110,0.000540,0.000650,339.003784,300.984589,343.513184,440.663513,358.025696,297.030823
1699146448366080,71.000000,0.871489,0.490148,0.016163,-0.000190,-0.000300,0.000350,-0.000110,0.000540,0.000650,165.570648,193.532684,165.869736,237.080200,222.434326,176.691650
1699146449675520,46.000000,0.871489,0.490148,0.016163,-0.000190,-0.000300,0.000350,-0.000110,0.000540,0.000650,188.677826,198.774414,105.012405,202.894119,121.804031,162.179276
1699146456341760,48.000000,0.307331,0.571894,0.760582,-0.000190,-0.003410,-0.000470,-0.000110,0.000530,0.000650,184.663361,111.952484,102.040550,122.604050,179.863602,125.861954
1699146457373440,45.000000,0.869280,0.494040,0.016654,-0.000190,-0.000300,0.000350,-0.000110,0.000530,0.000650,198.324524,150.497772,111.564400,239.464935,183.773865,169.607346
1699146457829760,71.000000,0.869280,0.494040,0.016654,-0.000190,-0.000300,0.000350,-0.000110,0.000530,0.000650,259.831940,280.957397,177.609940,326.624298,158.001923,243.237717
1699146458256320,63.000000,0.868906,0.494461,0.022597,-0.000190,-0.000300,0.000340,-0.000110,0.000530,0.000650,298.592651,328.140442,207.957626,312.856873,267.900909,220.985992
1699146458682880,52.000000,0.869280,0.494040,0.016654,-0.000190,-0.000300,0.000350,-0.000110,0.000530,0.000650,221.610672,266.271698,128.853851,244.358521,183.878143,233.702362
1699146459297920,68.000000,0.870447,0.492217,-0.006682,-0.000190,-0.000300,0.000390,-0.000110,0.000530,0.000650,323.544373,344.505310,181.117172,269.200867,216.906036,308.073303
1699146459873280,62.000000,0.869280,0.494040,0.016654,-0.000190,-0.000300,0.000350,-0.000110,0.000530,0.000650,255.926971,220.537872,135.480927,269.843018,246.611725,314.212555
1699146460438720,54.000000,0.868906,0.494461,0.022597,-0.000190,-0.000300,0.000340,-0.000110,0.000530,0.000650,232.311447,249.047150,181.418365,255.977310,244.738190,222.943146
1699146473920000,36.000000,0.804940,0.577380,0.136765,-0.000140,-0.000580,0.000340,-0.000120,0.000530,0.000650,143.180618,117.662628,129.396606,233.262070,197.997711,211.656860
1699146474713600,33.000000,0.707255,-0.170898,0.685991,-0.004220,-0.000260,0.000340,-0.000120,0.000530,0.000650,96.784523,111.095985,148.388580,140.123901,140.704071,166.872208
1699146479911680,50.000000,0.947102,0.296331,-0.123232,0.000140,-0.000310,0.000340,-0.000120,0.001580,0.000650,114.321243,178.160522,118.220963,157.243561,100.969002,162.007111
1699146480467200,41.000000,0.644961,0.004885,0.764199,-0.001690,-0.000310,-0.000450,-0.000120,0.000530,0.000650,107.443878,160.412170,120.386719,129.142487,187.814835,168.886032
1699146500783360,47.000000,-0.134628,0.045129,0.989868,-0.000180,-0.000310,-0.002720,-0.000130,0.000520,0.000650,136.317993,159.492645,101.557709,187.324326,146.201614,177.041306
1699146501338880,40.000000,0.919644,0.392689,0.007082,-0.000180,-0.000310,0.000340,-0.000130,0.000880,0.000650,177.260544,198.811310,126.287712,254.927521,130.830795,214.714264
1699146501934080,49.000000,0.855898,0.516629,0.023089,-0.000180,-0.000310,0.000340,-0.000130,0.000520,0.000650,136.204895,121.733826,105.991837,296.964172,197.550720,157.975586
1699146506417920,40.000000,0.895649,0.398454,-0.197606,-0.000180,0.000060,0.000340,-0.000130,0.000520,0.000650,119.906204,132.662003,135.336624,199.531769,141.240295,194.971970
1699146509195520,35.000000,-0.690821,0.657081,0.301680,0.001530,-0.004130,0.000270,-0.000130,-0.005010,0.000650,93.104050,98.829407,104.629250,139.989197,117.027573,178.650299
1699146512250880,33.000000,0.886590,0.287554,-0.362313,-0.000180,0.000320,0.000340,-0.000130,0.000520,0.000650,146.666229,125.930466,128.026093,180.415482,203.097687,124.328644
1699146538161920,40.000000,0.992845,0.117720,-0.020039,-0.000180,-0.000320,0.000340,-0.000140,0.002400,0.000550,124.342819,142.636322,125.684441,187.018890,109.724129,107.780106
1699146541614080,49.000000,0.846354,0.531506,0.034436,-0.000180,-0.000320,0.000330,-0.000140,0.000510,0.000660,183.650269,176.590668,120.093307,203.011810,121.630905,144.893417
1699146554311680,45.000000,0.834454,0.549600,0.040321,-0.000180,-0.000330,0.000330,-0.000160,0.000500,0.000660,138.445541,175.104370,222.335678,171.598816,194.152313,263.882324
1699146555541760,53.000000,0.833794,0.550126,0.046357,-0.000180,-0.000330,0.000320,-0.000160,0.000500,0.000660,266.923431,229.567688,232.742523,255.125092,337.094635,324.163422
1699146555978240,51.000000,0.834454,0.549600,0.040321,-0.000180,-0.000330,0.000330,-0.000160,0.000500,0.000660,281.635529,282.878815,260.044250,334.932281,319.505737,391.023254
1699146556414720,57.000000,0.831989,0.552379,0.051687,-0.000180,-0.000340,0.000320,-0.000160,0.000500,0.000660,230.810913,164.297546,181.401764,284.565979,253.961411,238.377197
1699146556871040,74.000000,0.831989,0.552379,0.051687,-0.000180,-0.000340,0.000320,-0.000160,0.000500,0.000660,246.971191,243.371979,191.801208,300.438385,356.921844,331.392059
1699146560382720,34.000000,0.831989,0.552379,0.051687,-0.000180,-0.000340,0.000320,-0.000160,0.000500,0.000660,232.955704,241.667435,239.978668,272.996490,221.468491,269.124054
1699146560819200,35.000000,0.831989,0.552379,0.051687,-0.000180,-0.000340,0.000320,-0.000160,0.000500,0.000660,243.969910,222.600464,214.287842,229.846664,183.367416,219.322800
1699146561216000,51.000000,0.831989,0.552379,0.051687,-0.000180,-0.000340,0.000320,-0.000160,0.000500,0.000660,169.216339,140.996292,187.425079,163.508820,266.280731,177.656769
1699146562128640,43.000000,0.850805,0.522903,0.051999,-0.000180,-0.000340,0.000320,-0.000110,0.000500,0.000660,172.190170,261.027222,202.591309,150.011856,223.122406,249.358994
1699146562604800,57.000000,0.831989,0.552379,0.051687,-0.000180,-0.000340,0.000320,-0.000160,0.000500,0.000660,237.765869,284.276123,201.031708,251.099640,268.762512,261.491394
1699146563557120,58.000000,-0.070388,0.117791,0.990541,-0.000180,-0.000340,-0.002300,-0.000170,0.000500,0.000660,181.761047,190.369446,111.503067,130.861603,186.035751,170.991058
1699146565739520,46.000000,0.825337,0.562213,0.052292,-0.000180,-0.000340,0.000320,-0.000170,0.000490,0.000660,187.770340,119.301758,151.053177,136.863251,151.185516,130.120163
1699146566295040,50.000000,0.718262,0.555648,0.418754,-0.000180,-0.000350,-0.000210,-0.000170,0.000490,0.000660,196.628967,139.289124,134.795227,191.234894,177.257935,242.380112
1699146569588480,40.000000,0.667605,0.335153,-0.664813,-0.000180,-0.000350,0.004150,-0.000170,0.000490,0.000660,192.991333,193.781479,108.358688,229.835861,163.113495,190.238434
1699146571810560,49.000000,0.822702,0.564894,0.063689,-0.000180,-0.000350,0.000310,-0.000170,0.000490,0.000660,131.732513,219.066223,133.388550,218.397339,170.316849,153.494308
1699146572296640,31.000000,0.822702,0.564894,0.063689,-0.000180,-0.000350,0.000310,-0.000170,0.000490,0.000660,253.573486,253.799759,221.282532,245.997742,238.587418,206.763626
1699146572762880,46.000000,0.822702,0.564894,0.063689,-0.000180,-0.000350,0.000310,-0.000170,0.000490,0.000660,183.643356,193.572662,140.599899,145.461517,137.274292,181.871704
1699146577931200,51.000000,0.802781,0.592917,0.063183,-0.000180,-0.000350,0.000310,-0.000220,0.000490,0.000660,244.314941,168.726837,287.501251,179.493042,242.664612,167.295609
1699146578437120,29.000000,0.988381,0.132867,0.073825,-0.000180,-0.000400,0.000310,0.000450,0.000670,0.000660,236.660629,123.481186,165.101822,115.130722,142.337357,188.403870
1699146581690880,40.000000,0.305920,0.951850,-0.019876,-0.000180,-0.000300,0.000310,-0.003920,0.000490,0.004540,244.567200,120.840424,260.952209,105.623718,173.026581,104.474068
1699146582167040,36.000000,0.816882,0.572681,0.068846,-0.000180,-0.000360,0.000310,-0.000180,0.000490,0.000660,264.697754,316.160370,171.624771,210.470398,181.659576,232.455078
1699146586254080,54.000000,0.815999,0.573173,0.074958,-0.000180,-0.000360,0.000300,-0.000180,0.000490,0.000660,271.597839,274.623657,211.837769,306.653473,242.899323,249.931259
1699146591531520,64.000000,0.813031,0.577272,0.075747,-0.000180,-0.000360,0.000300,-0.000180,0.000480,0.000660,220.927704,209.528229,185.560120,235.911469,210.188248,104.780075
1699146591958080,48.000000,0.813031,0.577272,0.075747,-0.000180,-0.000360,0.000300,-0.000180,0.000480,0.000660,238.288513,158.033966,214.828949,279.155151,286.896881,251.187363
1699146596689920,45.000000,0.800878,0.582750,0.137830,-0.000180,-0.000370,0.000210,-0.000180,0.000480,0.000660,195.376038,182.807297,133.264114,215.084396,217.123062,184.428162
1699146598326720,33.000000,0.612929,-0.789808,0.022822,-0.000180,-0.000370,0.000300,0.004500,0.000480,0.000660,225.815796,216.071930,206.351578,110.165863,324.982056,197.325684
1699146615051840,54.000000,0.796949,0.595151,0.103284,-0.000190,-0.000380,0.000280,-0.000200,0.000470,0.000670,196.811798,278.606140,254.916016,199.289856,307.077942,238.372681
1699146615577600,32.000000,0.795792,0.597411,0.099073,-0.000180,-0.000380,0.000280,-0.000200,0.000470,0.000660,179.351837,248.338364,209.003204,243.141632,245.766983,163.818924
1699146618216320,55.000000,0.797858,0.593739,0.104391,-0.000190,-0.000380,0.000280,-0.000200,0.000470,0.000660,239.969955,268.406250,276.242737,239.109924,241.578537,197.293610
1699146618662720,49.000000,0.797858,0.593739,0.104391,-0.000190,-0.000380,0.000280,-0.000200,0.000470,0.000660,266.989410,279.138580,360.053345,425.351807,322.347076,268.523621
1699146619128960,83.000000,0.796949,0.595151,0.103284,-0.000190,-0.000380,0.000280,-0.000200,0.000470,0.000670,228.064499,301.000183,398.878754,373.731262,296.678772,269.386688
1699146619585280,93.000000,0.797858,0.593739,0.104391,-0.000190,-0.000380,0.000280,-0.000200,0.000470,0.000660,272.038605,288.459808,398.938965,385.488770,257.054962,232.609802
1699146620071360,68.000000,0.794915,0.596968,0.108346,-0.000190,-0.000390,0.000280,-0.000200,0.000470,0.000670,270.812073,246.096420,383.604248,418.987122,271.431519,244.354523
1699146620517760,46.000000,0.769461,0.394639,0.502185,-0.000190,-0.005440,0.000280,0.003900,0.000470,0.004650,283.172180,106.711571,395.662964,97.440643,251.180664,110.754913
1699146620974080,55.000000,0.792589,0.599674,0.110428,-0.000190,-0.000390,0.000280,-0.000200,0.000460,0.000660,285.464447,281.315643,399.770355,399.806946,269.603973,225.287064
1699146621430400,59.000000,0.794915,0.596968,0.108346,-0.000190,-0.000390,0.000280,-0.000200,0.000470,0.000670,330.056610,330.715576,388.538116,342.064636,223.732834,275.493347
1699146621876800,43.000000,0.791710,0.601043,0.109278,-0.000190,-0.000390,0.000280,-0.000200,0.000460,0.000670,242.837708,287.226532,356.211731,346.720215,309.133667,243.876221
1699146622323200,55.000000,0.794915,0.596968,0.108346,-0.000190,-0.000390,0.000280,-0.000200,0.000470,0.000670,238.678345,337.813660,374.249756,372.219727,225.108429,272.373566
1699146622779520,92.000000,0.792589,0.599674,0.110428,-0.000190,-0.000390,0.000280,-0.000200,0.000460,0.000660,284.000702,305.709167,381.081848,383.400024,345.258118,323.074554
1699146623275520,72.000000,0.791710,0.601043,0.109278,-0.000190,-0.000390,0.000280,-0.000200,0.000460,0.000670,238.269516,284.662048,317.006073,281.472778,187.287598,196.854935
1699146623761600,33.000000,0.791710,0.601043,0.109278,-0.000190,-0.000390,0.000280,-0.000200,0.000460,0.000670,255.601501,332.877014,326.147217,388.467102,353.271271,248.775040
1699146624277440,49.000000,0.791710,0.601043,0.109278,-0.000190,-0.000390,0.000280,-0.000200,0.000460,0.000670,201.230515,373.989502,399.675995,285.054932,289.417877,299.360352
1699146624852800,60.000000,0.791710,0.601043,0.109278,-0.000190,-0.000390,0.000280,-0.000200,0.000460,0.000670,231.975021,279.570923,276.788330,314.219879,232.478516,244.132812
1699146625358720,56.000000,0.791710,0.601043,0.109278,-0.000190,-0.000390,0.000280,-0.000200,0.000460,0.000670,238.917847,326.992371,362.461578,273.260956,291.141449,296.322937
1699146625844800,78.000000,0.789635,0.604699,0.103999,-0.000180,-0.000390,0.000280,-0.000200,0.000460,0.000670,250.585571,419.660706,337.603180,290.388611,332.740601,284.489960
1699146626311040,87.000000,0.789635,0.604699,0.103999,-0.000180,-0.000390,0.000280,-0.000200,0.000460,0.000670,259.132507,386.443817,329.706604,351.259888,361.523621,258.693481
1699146626757440,74.000000,0.789635,0.604699,0.103999,-0.000180,-0.000390,0.000280,-0.000200,0.000460,0.000670,264.018738,460.464478,349.889679,258.672302,377.304626,269.276245
1699146627233600,63.000000,0.789635,0.604699,0.103999,-0.000180,-0.000390,0.000280,-0.000200,0.000460,0.000670,235.367065,376.980377,325.824371,267.010071,347.612183,221.582550
1699146627709760,72.000000,0.785494,0.610103,0.103797,-0.000180,-0.000390,0.000280,-0.000210,0.000460,0.000670,257.682007,459.612061,347.263367,235.441162,315.907501,359.480652
1699146628185920,66.000000,0.789635,0.604699,0.103999,-0.000180,-0.000390,0.000280,-0.000200,0.000460,0.000670,317.023010,405.062958,346.607330,222.735397,344.669983,255.936798
1699146628691840,51.000000,0.785494,0.610103,0.103797,-0.000180,-0.000390,0.000280,-0.000210,0.000460,0.000670,297.901947,366.111938,226.237976,256.418488,422.096802,218.233719
1699146629257280,65.000000,-0.910902,0.391219,-0.131168,0.004770,-0.003490,0.000060,0.002160,-0.004300,-0.000110,106.539062,118.938255,127.448723,105.109253,109.590576,108.131935
1699146629792960,54.000000,0.785494,0.610103,0.103797,-0.000180,-0.000390,0.000280,-0.000210,0.000460,0.000670,281.912170,367.993958,249.114960,283.659607,375.812012,302.236084
1699146630358400,70.000000,0.500104,-0.256824,0.827005,-0.000180,-0.000390,-0.002660,-0.000210,0.002890,-0.000170,320.031006,452.108185,121.616898,382.003418,104.283539,119.597809
1699146630904000,64.000000,0.785494,0.610103,0.103797,-0.000180,-0.000390,0.000280,-0.000210,0.000460,0.000670,273.768066,383.530518,253.115692,320.307892,337.075897,302.060547
1699146631449600,44.000000,0.785494,0.610103,0.103797,-0.000180,-0.000390,0.000280,-0.000210,0.000460,0.000670,269.693054,275.831909,221.977234,272.512695,279.348724,250.029724
1699146632044800,90.000000,0.785494,0.610103,0.103797,-0.000180,-0.000390,0.000280,-0.000210,0.000460,0.000670,265.817322,264.444550,238.653275,260.116760,323.224854,290.595703
1699146632778880,60.000000,0.785494,0.610103,0.103797,-0.000180,-0.000390,0.000280,-0.000210,0.000460,0.000670,279.241577,370.591766,212.705811,347.707214,368.435547,249.754272
1699146633364160,53.000000,0.784296,0.610557,0.110000,-0.000180,-0.000390,0.000270,-0.000210,0.000460,0.000670,317.260681,325.047668,195.712997,296.494751,247.873001,248.825485
1699146642520320,66.000000,0.758670,0.623826,0.187781,-0.000180,-0.000390,0.000150,-0.000220,0.000450,0.000670,128.856995,216.208466,129.503876,219.965057,267.128571,284.377930
1699146642956800,49.000000,0.777964,0.619560,0.104490,-0.000180,-0.000390,0.000280,-0.000220,0.000450,0.000670,220.010574,248.701935,175.166641,302.570190,278.515411,329.035431
1699146643393280,68.000000,0.776725,0.620033,0.110710,-0.000180,-0.000390,0.000270,-0.000220,0.000450,0.000670,212.707581,239.075714,181.044830,301.416992,290.896393,295.094086
1699146643829760,54.000000,0.777964,0.619560,0.104490,-0.000180,-0.000390,0.000280,-0.000220,0.000450,0.000670,194.456482,195.178192,210.876404,307.639465,358.328674,352.512939
1699146644256320,63.000000,0.776725,0.620033,0.110710,-0.000180,-0.000390,0.000270,-0.000220,0.000450,0.000670,166.255630,221.642471,203.692886,265.412659,321.929932,263.945618
1699146644672960,59.000000,0.774539,0.623684,0.105395,-0.000170,-0.000390,0.000270,-0.000220,0.000450,0.000670,177.767044,234.875488,211.725876,280.168427,296.616486,336.021240
1699146645099520,52.000000,0.775764,0.623181,0.099178,-0.000170,-0.000390,0.000280,-0.000220,0.000450,0.000670,155.341217,195.694870,174.641144,361.103699,330.649017,278.894867
1699146645536000,67.000000,0.774539,0.623684,0.105395,-0.000170,-0.000390,0.000270,-0.000220,0.000450,0.000670,177.636414,167.313538,193.350235,328.262726,269.573242,335.254761
1699146645952640,64.000000,0.785040,0.605277,0.131727,-0.000220,-0.000390,0.000270,-0.000220,0.000450,0.000670,181.089661,157.938416,192.563705,327.418457,299.919647,314.250977
1699146646845440,43.000000,0.606881,0.742594,-0.283284,-0.000170,-0.000390,0.002450,-0.000220,-0.000590,0.004940,193.379547,172.151382,104.796600,234.889771,122.642006,95.424789
1699146649156800,50.000000,0.772492,0.625340,0.110478,-0.000170,-0.000400,0.000270,-0.000220,0.000450,0.000670,208.263092,159.765747,128.803360,249.072205,229.828964,233.091171
1699146649632960,47.000000,0.772492,0.625340,0.110478,-0.000170,-0.000400,0.000270,-0.000220,0.000450,0.000670,261.985443,194.564194,174.298126,243.406769,254.540253,257.471283
1699146650188480,56.000000,0.772492,0.625340,0.110478,-0.000170,-0.000400,0.000270,-0.000220,0.000450,0.000670,208.769394,120.808670,162.309036,154.104736,242.202454,229.458298
1699146650793600,42.000000,0.772492,0.625340,0.110478,-0.000170,-0.000400,0.000270,-0.000220,0.000450,0.000670,263.752167,248.590088,291.595612,179.584854,126.986816,281.986420
1699146662330560,53.000000,0.764711,0.634712,0.111164,-0.000170,-0.000400,0.000270,-0.000230,0.000440,0.000670,321.986420,288.375122,267.651794,251.968964,192.311874,181.594604
1699146662776960,31.000000,-0.896383,0.285498,-0.339100,0.002040,0.002280,0.000270,-0.004200,-0.004530,-0.001890,103.537239,116.875191,227.980072,113.249535,111.789734,110.086502
1699146663600320,62.000000,0.764711,0.634712,0.111164,-0.000170,-0.000400,0.000270,-0.000230,0.000440,0.000670,302.473907,334.720520,280.250763,351.283478,285.528351,287.161591
1699146664126080,48.000000,0.764711,0.634712,0.111164,-0.000170,-0.000400,0.000270,-0.000230,0.000440,0.000670,284.268311,212.678101,222.124268,237.797729,268.100281,284.079163
1699146664741120,51.000000,0.760406,0.639906,0.110917,-0.000170,-0.000400,0.000270,-0.000240,0.000440,0.000670,355.761627,225.147095,280.883270,182.468430,199.869476,268.371704
1699146665276800,39.000000,0.172234,-0.983312,0.058593,-0.000170,-0.000350,0.000220,0.003710,0.000440,-0.001780,319.174316,158.237610,195.386017,119.829163,212.593292,107.482941
1699146665713280,30.000000,0.764711,0.634712,0.111164,-0.000170,-0.000400,0.000270,-0.000230,0.000440,0.000670,306.137695,229.987411,245.198792,202.208176,220.543533,293.842346
1699146668004800,36.000000,0.753323,0.646020,0.123137,-0.000170,-0.000410,0.000260,-0.000240,0.000430,0.000670,284.866547,232.235550,137.731155,176.080414,151.694321,266.714172
1699146668391680,52.000000,0.753323,0.646020,0.123137,-0.000170,-0.000410,0.000260,-0.000240,0.000430,0.000670,376.670929,282.461670,249.130386,251.433838,205.477188,322.957458
1699146668808320,42.000000,0.753323,0.646020,0.123137,-0.000170,-0.000410,0.000260,-0.000240,0.000430,0.000670,307.649994,286.006897,161.802826,226.590942,170.437332,240.082077
1699146669274560,47.000000,0.753323,0.646020,0.123137,-0.000170,-0.000410,0.000260,-0.000240,0.000430,0.000670,211.586334,216.295746,209.190292,205.326111,207.482971,225.511917
1699146672091840,80.000000,0.753323,0.646020,0.123137,-0.000170,-0.000410,0.000260,-0.000240,0.000430,0.000670,377.909302,424.311707,371.372253,408.651764,326.752228,414.149170
1699146672478720,37.000000,0.753323,0.646020,0.123137,-0.000170,-0.000410,0.000260,-0.000240,0.000430,0.000670,349.434509,315.919861,312.573334,293.985321,344.209106,271.699554
1699146673867520,35.000000,0.753323,0.646020,0.123137,-0.000170,-0.000410,0.000260,-0.000240,0.000430,0.000670,230.683350,196.756378,255.750092,206.745483,203.756012,200.060791
1699146674333760,88.000000,0.543538,0.836714,-0.066902,-0.002580,0.002430,0.000260,-0.005280,0.001990,0.002320,108.298813,94.325981,214.126938,94.331947,112.591614,104.480026
1699146674343680,55.000000,-0.166991,0.364055,0.916285,-0.000170,-0.000410,-0.003100,-0.000240,-0.000150,0.001740,213.728867,232.702805,120.868927,398.303589,101.007881,111.436455
1699146675117440,53.000000,0.753323,0.646020,0.123137,-0.000170,-0.000410,0.000260,-0.000240,0.000430,0.000670,362.194611,291.470856,341.114105,274.407257,288.302338,391.455841
1699146675484480,96.000000,0.748962,0.651125,0.122849,-0.000170,-0.000410,0.000260,-0.000250,0.000430,0.000670,376.030457,284.243958,300.753937,251.351898,276.256287,329.579956
1699146675891200,76.000000,0.748962,0.651125,0.122849,-0.000170,-0.000410,0.000260,-0.000250,0.000430,0.000670,270.740417,242.175385,228.423752,214.327026,263.392456,308.256531
1699146676238400,72.000000,0.746887,0.652550,0.127825,-0.000170,-0.000420,0.000260,-0.000250,0.000430,0.000670,393.975220,288.882080,279.978149,302.732208,368.717316,421.239868
1699146676625280,152.000000,0.524524,0.833774,0.172322,-0.000170,-0.000420,0.000260,-0.000250,0.000000,0.000670,335.193237,261.800232,219.968094,273.203552,207.145920,341.234467
1699146676744320,177.000000,0.000000,0.000000,0.000000,0.000000,0.000000,0.000000,0.000000,0.000000,0.000000,506.492828,546.471313,470.795166,450.316010,428.746277,497.177734
1699146676754240,174.000000,0.000000,0.000000,0.000000,0.000000,0.000000,0.000000,0.000000,0.000000,0.000000,516.507385,502.622040,476.500519,474.967712,479.048309,489.186035
1699146676873280,173.000000,0.000000,0.000000,0.000000,0.000000,0.000000,0.000000,0.000000,0.000000,0.000000,533.890137,504.555237,522.669983,538.921021,533.461487,553.645691
1699146676883200,163.000000,0.000000,0.000000,0.000000,0.000000,0.000000,0.000000,0.000000,0.000000,0.000000,491.269836,464.988892,473.985138,465.323029,471.324005,464.899078
1699146676952640,171.000000,0.000000,0.000000,0.000000,0.000000,0.000000,0.000000,0.000000,0.000000,0.000000,406.362488,403.519104,344.615540,389.872833,320.152130,356.685028
1699146676962560,163.000000,0.000000,0.000000,0.000000,0.000000,0.000000,0.000000,0.000000,0.000000,0.000000,500.958130,511.953552,490.990967,462.186249,390.990875,467.384125
1699146676972480,181.000000,0.000000,0.000000,0.000000,0.000000,0.000000,0.000000,0.000000,0.000000,0.000000,491.488892,470.504425,511.543243,522.427490,502.215332,525.172791
1699146676992320,150.000000,0.000000,0.000000,0.000000,0.000000,0.000000,0.000000,0.000000,0.000000,0.000000,380.515717,342.518433,315.800629,373.005707,391.211456,390.388519
1699146677051840,165.000000,0.000000,0.000000,0.000000,0.000000,0.000000,0.000000,0.000000,0.000000,0.000000,398.931641,442.841125,482.045898,423.093414,444.796478,456.091919
1699146677061760,190.000000,0.000000,0.000000,0.000000,0.000000,0.000000,0.000000,0.000000,0.000000,0.000000,492.938812,544.701843,522.018250,462.149780,478.605011,459.375977
1699146677071680,188.000000,0.000000,0.000000,0.000000,0.000000,0.000000,0.000000,0.000000,0.000000,0.000000,543.469177,538.131226,468.761444,488.194397,495.657410,500.049500
1699146677081600,174.000000,0.000000,0.000000,0.000000,0.000000,0.000000,0.000000,0.000000,0.000000,0.000000,524.228088,492.407715,461.063416,437.529724,446.166718,442.593170
1699146677151040,185.000000,0.000000,0.000000,0.000000,0.000000,0.000000,0.000000,0.000000,0.000000,0.000000,419.977875,410.600281,389.106903,427.571686,362.791626,407.179016
1699146677160960,175.000000,0.000000,0.000000,0.000000,0.000000,0.000000,0.000000,0.000000,0.000000,0.000000,560.297424,475.078308,487.847717,453.919952,466.401062,450.633606
1699146677170880,194.000000,0.000000,0.000000,0.000000,0.000000,0.000000,0.000000,0.000000,0.000000,0.000000,532.774841,470.644135,485.364014,482.705627,486.453857,470.647247
1699146677180800,195.000000,0.000000,0.000000,0.000000,0.000000,0.000000,0.000000,0.000000,0.000000,0.000000,519.966187,446.422058,484.478973,466.413086,457.684784,398.220947
1699146677240320,196.000000,0.000000,0.000000,0.000000,0.000000,0.000000,0.000000,0.000000,0.000000,0.000000,336.493347,445.971741,381.476105,303.357208,299.195068,361.299622
1699146677250240,194.000000,0.000000,0.000000,0.000000,0.000000,0.000000,0.000000,0.000000,0.000000,0.000000,469.722900,536.305298,538.877808,507.097290,440.257782,482.616699
1699146677260160,199.000000,0.000000,0.000000,0.000000,0.000000,0.000000,0.000000,0.000000,0.000000,0.000000,532.585876,514.224792,589.669861,502.290436,540.490112,515.231384
1699146677270080,197.000000,0.000000,0.000000,0.000000,0.000000,0.000000,0.000000,0.000000,0.000000,0.000000,554.087097,573.004211,545.521484,548.291565,530.929688,530.994934
1699146677280000,176.000000,0.000000,0.000000,0.000000,0.000000,0.000000,0.000000,0.000000,0.000000,0.000000,527.827942,471.635925,467.763519,482.088165,421.164368,424.376526
1699146677339520,165.000000,0.000000,0.000000,0.000000,0.000000,0.000000,0.000000,0.000000,0.000000,0.000000,401.052734,462.762451,444.428345,357.738373,332.365173,406.360321
1699146677349440,186.000000,0.000000,0.000000,0.000000,0.000000,0.000000,0.000000,0.000000,0.000000,0.000000,444.424835,504.025146,485.209869,420.203888,439.241913,463.902924
1699146677359360,201.000000,0.000000,0.000000,0.000000,0.000000,0.000000,0.000000,0.000000,0.000000,0.000000,542.027161,513.376404,513.355957,492.854431,438.668365,489.794434
1699146677438720,197.000000,0.000000,0.000000,0.000000,0.000000,0.000000,0.000000,0.000000,0.000000,0.000000,442.971710,467.658295,480.043671,403.030212,409.346497,429.676300
1699146677448640,194.000000,0.000000,0.000000,0.000000,0.000000,0.000000,0.000000,0.000000,0.000000,0.000000,407.760254,450.051331,422.516357,362.592133,346.535980,333.699890
1699146677458560,186.000000,0.000000,0.000000,0.000000,0.000000,0.000000,0.000000,0.000000,0.000000,0.000000,487.146912,481.711151,470.701599,475.579712,434.979523,452.029999
1699146677468480,201.000000,0.000000,0.000000,0.000000,0.000000,0.000000,0.000000,0.000000,0.000000,0.000000,439.858734,445.799286,453.450348,388.713104,419.422516,469.023743
1699146677528000,200.000000,0.000000,0.000000,0.000000,0.000000,0.000000,0.000000,0.000000,0.000000,0.000000,422.463776,492.480774,521.847900,438.107819,428.984802,458.073914
1699146677537920,198.000000,0.000000,0.000000,0.000000,0.000000,0.000000,0.000000,0.000000,0.000000,0.000000,506.714478,531.769104,568.314941,532.210571,517.881042,507.682587
1699146677547840,193.000000,0.000000,0.000000,0.000000,0.000000,0.000000,0.000000,0.000000,0.000000,0.000000,541.913635,522.845398,564.138794,517.323364,532.420654,527.800110
1699146677557760,194.000000,0.000000,0.000000,0.000000,0.000000,0.000000,0.000000,0.000000,0.000000,0.000000,459.155823,453.297760,436.443848,467.464630,395.461090,413.218964
1699146677617280,206.000000,0.000000,0.000000,0.000000,0.000000,0.000000,0.000000,0.000000,0.000000,0.000000,491.203918,527.807983,501.037323,439.922546,489.617920,503.983002
1699146677627200,198.000000,0.000000,0.000000,0.000000,0.000000,0.000000,0.000000,0.000000,0.000000,0.000000,526.960815,555.572144,565.528748,463.423615,524.129883,509.099426
1699146677637120,193.000000,0.000000,0.000000,0.000000,0.000000,0.000000,0.000000,0.000000,0.000000,0.000000,543.966064,514.710571,558.164978,510.772278,522.760010,553.968140
1699146677647040,208.000000,0.000000,0.000000,0.000000,0.000000,0.000000,0.000000,0.000000,0.000000,0.000000,500.464508,439.742493,528.517090,494.173645,458.053467,469.644165
1699146677706560,189.000000,0.000000,0.000000,0.000000,0.000000,0.000000,0.000000,0.000000,0.000000,0.000000,411.460022,468.989807,424.701904,379.773041,371.491150,450.992279
1699146677716480,184.000000,0.000000,0.000000,0.000000,0.000000,0.000000,0.000000,0.000000,0.000000,0.000000,499.320435,541.455261,441.463196,480.155701,472.043976,472.394623
1699146677726400,170.000000,0.000000,0.000000,0.000000,0.000000,0.000000,0.000000,0.000000,0.000000,0.000000,468.135895,515.879944,454.964417,463.231934,478.569214,469.140808
1699146677815680,172.000000,0.000000,0.000000,0.000000,0.000000,0.000000,0.000000,0.000000,0.000000,0.000000,410.592560,386.150665,352.822266,365.095337,377.436249,404.557678
1699146679879040,48.000000,0.741610,0.657090,0.135083,-0.000170,-0.000420,0.000250,-0.000250,0.000420,0.000670,197.345764,304.915985,270.108002,212.985901,135.465134,288.695251
1699146685096960,43.000000,0.711033,0.699650,0.070151,-0.000050,-0.000420,0.000250,-0.000250,0.000420,0.000670,148.544800,227.564819,253.168121,296.128113,216.106995,302.552856
1699146685493760,54.000000,0.743883,0.653405,0.140354,-0.000180,-0.000420,0.000250,-0.000250,0.000420,0.000670,147.971909,137.878754,151.592712,195.561157,218.093231,214.929092
1699146694739200,43.000000,0.741610,0.657090,0.135083,-0.000170,-0.000420,0.000250,-0.000250,0.000420,0.000670,235.225357,143.847717,143.114975,190.999634,169.021881,221.628784
1699146696604160,43.000000,-0.177549,0.125957,0.976018,-0.000170,-0.000430,-0.002730,-0.000260,0.000410,0.000670,252.491760,143.983536,119.652351,189.718124,215.715317,263.928467
1699146698181440,33.000000,0.629328,0.340830,-0.698414,-0.000170,-0.000430,0.005290,-0.000260,0.000410,0.000670,212.728470,174.391418,124.335724,196.296844,117.167221,202.048248
1699146699173440,51.000000,0.334740,-0.063183,-0.940190,-0.000170,0.001440,0.000290,-0.000260,0.000080,0.000670,133.907532,104.085350,111.287262,192.303421,178.492233,191.470444
1699146712238080,49.000000,0.999572,0.028298,-0.007406,-0.000150,-0.000430,0.000250,-0.000270,0.004460,0.000470,177.356415,122.930862,137.700439,216.341660,116.837395,104.213188
1699146713855040,54.000000,-0.922725,0.372076,0.100687,-0.000150,-0.000430,0.000250,-0.000270,-0.005150,0.000650,153.518494,192.085083,258.905457,209.017090,109.308136,135.951004
1699146715372800,64.000000,0.717476,0.684454,0.129426,-0.000150,-0.000430,0.000250,-0.000270,0.000400,0.000680,225.003784,149.409027,193.125565,131.222229,190.198669,128.984833
1699146719102720,36.000000,0.716312,0.685939,0.128002,-0.000150,-0.000420,0.000250,-0.000280,0.000400,0.000650,139.586060,177.214874,121.532097,169.936310,114.956909,139.797180
1699146719926080,35.000000,0.976072,-0.116870,0.183368,-0.000140,-0.000420,-0.000790,-0.000280,0.004770,-0.000060,115.992615,157.468735,93.354317,209.070923,125.306290,101.697281
1699146720322880,63.000000,0.712480,0.691562,0.118801,-0.000140,-0.000420,0.000250,-0.000280,0.000400,0.000680,189.379730,187.171860,241.349365,241.137039,179.139847,152.011932
1699146720719680,54.000000,0.712480,0.691562,0.118801,-0.000140,-0.000420,0.000250,-0.000280,0.000400,0.000680,153.457916,135.462006,204.986115,210.693298,223.673309,130.577103
1699146721116480,65.000000,0.712480,0.691562,0.118801,-0.000140,-0.000420,0.000250,-0.000280,0.000400,0.000680,159.993195,128.929581,195.957825,212.591751,171.794724,135.870743
1699146721513280,64.000000,-0.303765,-0.949742,-0.075604,-0.000140,0.000830,0.000250,0.001980,0.000440,-0.004960,285.068542,105.362289,188.289078,120.574631,132.531769,107.682800
1699146721920000,33.000000,0.708332,0.695655,0.119710,-0.000140,-0.000420,0.000250,-0.000280,0.000390,0.000680,253.396378,169.350006,216.030396,260.815002,132.550705,202.148438
1699146722326720,68.000000,0.708332,0.695655,0.119710,-0.000140,-0.000420,0.000250,-0.000280,0.000390,0.000680,222.168015,226.500214,227.654114,246.750839,166.289185,261.848785
1699146722713600,76.000000,0.706143,0.694806,0.136408,-0.000140,-0.000420,0.000230,-0.000280,0.000390,0.000650,289.044617,191.298187,147.801529,152.555634,169.645554,115.730392
1699146723130240,39.000000,0.708332,0.695655,0.119710,-0.000140,-0.000420,0.000250,-0.000280,0.000390,0.000680,296.577423,300.491608,187.698868,218.161072,225.048569,188.794968
1699146723497280,50.000000,0.648834,0.752166,0.115158,-0.000140,-0.000420,0.000250,-0.000410,0.000390,0.000680,267.764252,168.126862,226.423492,110.275169,285.005035,192.299713
1699146724697600,55.000000,0.703756,0.700341,0.119376,-0.000140,-0.000420,0.000250,-0.000290,0.000390,0.000680,202.567917,248.494217,149.106415,130.039200,227.472229,185.637024
1699146725620160,22.000000,0.697382,0.710100,0.097035,-0.000110,-0.000420,0.000260,-0.000290,0.000390,0.000680,157.780899,298.519806,183.170685,296.335785,325.529877,330.365906
1699146733824000,39.000000,0.986553,-0.138992,0.085993,-0.000150,-0.000420,0.000260,0.000960,0.000660,0.000680,117.215317,171.566925,231.458374,103.847656,141.658279,129.289703
